oplQ_DIV (function - probability):
~  n = 10000  ~  lambda = 400  ~

4962	0,0001
4965	0,0002
4969	0,0001
4972	0,0002
4977	0,0004
4983	0,0008
4993	0,0004
4999	0,0002
5003	0,0001
5007	0,0001
5011	0,0002
5016	0,0004
5022	0,0002
5027	0,0004
5033	0,0002
5038	0,0001
5042	0,0001
5045	0,0002
5049	0,0001
5052	0,0002
5056	0,0001
5060	0,0002
5064	0,0001
5067	0,0002
5072	0,0001
5076	0,0002
5081	0,0004
5087	0,0008
5095	0,0004
5100	0,0008
5107	0,0004
5113	0,0008
5124	0,0004
5130	0,0002
5134	0,0001
5139	0,0001
5142	0,0001
5146	0,0002
5151	0,0004
5156	0,0008
5163	0,0016
5172	0,0008
5182	0,0016
5199	0,0008
5207	0,0004
5214	0,0008
5223	0,0004
5229	0,0002
5233	0,0001
5236	0,0002
5240	0,0001
5243	0,0001
5246	0,0001
5249	0,0002
5253	0,0004
5258	0,0008
5265	0,0004
5270	0,0008
5279	0,0016
5288	0,0008
5295	0,0004
5300	0,0002
5305	0,0004
5310	0,0008
5319	0,0016
5333	0,0032
5348	0,0064
5363	0,0128
5383	0,0256
5401	0,0128
5424	0,0256
5441	0,0128
5466	0,0256
5493	0,0512
5511	0,0256
5531	0,0512
5531	0,1024
5531	0,0512
5535	0,1024
5535	0,0512
5537	0,1024
5537	0,0512
5541	0,1024
5541	0,0512
5560	0,1024
5560	0,0512
5570	0,0256
5597	0,0128
5615	0,0064
5633	0,0128
5650	0,0064
5660	0,0032
5674	0,0064
5692	0,0128
5706	0,0256
5715	0,0128
5722	0,0256
5731	0,0128
5745	0,0064
5759	0,0032
5768	0,0064
5781	0,0128
5797	0,0064
5811	0,0128
5823	0,0064
5839	0,0128
5855	0,0064
5865	0,0032
5875	0,0016
5882	0,0008
5890	0,0004
5896	0,0008
5902	0,0004
5906	0,0008
5914	0,0016
5922	0,0008
5932	0,0004
5938	0,0008
5945	0,0004
5951	0,0008
5957	0,0004
5961	0,0002
5965	0,0004
5970	0,0002
5973	0,0004
5979	0,0002
5983	0,0004
5988	0,0008
5996	0,0004
6000	0,0002
6004	0,0001
6007	0,0001
6010	0,0002
6013	0,0001
6016	0,0002
6022	0,0004
6026	0,0002
6030	0,0004
6034	0,0002
6039	0,0004
6044	0,0002
6048	0,0001
6052	0,0002
6056	0,0004
6061	0,0002
6065	0,0004
6069	0,0002
6074	0,0001
6077	0,0002
6083	0,0004
6089	0,0002
6093	0,0004
6098	0,0008
6103	0,0016
6109	0,0008
6116	0,0004
6121	0,0002
6125	0,0001
6128	0,0002
6132	0,0001
6135	0,0002
6139	0,0004
6144	0,0002
6147	0,0001
6151	0,0001
6154	0,0001
6158	0,0001
6161	0,0002
6165	0,0001
6168	0,0002
6172	0,0001
6177	0,0002
6180	0,0001
6184	0,0001
6187	0,0002
6192	0,0001
6195	0,0002
6200	0,0004
6204	0,0002
6208	0,0001
6210	0,0002
6214	0,0001
6217	0,0002
6221	0,0001
6225	0,0001
6229	0,0002
6233	0,0001
6236	0,0002
6240	0,0001
6243	0,0001
6246	0,0001
6249	0,0001
6252	0,0001
6255	0,0002
6260	0,0001
6263	0,0002
6267	0,0001
6270	0,0001
6273	0,0001
6276	0,0002
6280	0,0001
6283	0,0002
6286	0,0004
6290	0,0008
6296	0,0004
6300	0,0008
6306	0,0016
6314	0,0008
6322	0,0016
6337	0,0032
6343	0,0016
6352	0,0008
6358	0,0004
6362	0,0008
6370	0,0016
6377	0,0032
6383	0,0064
6388	0,0032
6397	0,0064
6401	0,0032
6407	0,0016
6415	0,0032
6421	0,0016
6428	0,0008
6434	0,0004
6437	0,0002
6441	0,0001
6443	0,0001
6446	0,0001
6449	0,0002
6453	0,0001
6455	0,0001
6458	0,0002
6461	0,0001
6464	0,0001
6467	0,0001
6470	0,0002
6473	0,0001
6476	0,0002
6479	0,0004
6484	0,0008
6490	0,0016
6498	0,0032
6503	0,0016
6510	0,0032
6519	0,0016
6526	0,0032
6536	0,0016
6543	0,0032
6547	0,0064
6551	0,0032
6559	0,0064
6563	0,0032
6565	0,0016
6571	0,0032
6579	0,0016
6591	0,0032
6595	0,0016
6602	0,0032
6606	0,0016
6614	0,0032
6619	0,0016
6627	0,0032
6631	0,0064
6633	0,0032
6637	0,0064
6637	0,0032
6651	0,0016
6659	0,0032
6664	0,0064
6671	0,0032
6675	0,0016
6679	0,0008
6684	0,0016
6689	0,0032
6697	0,0016
6706	0,0032
6713	0,0016
6717	0,0008
6722	0,0016
6731	0,0032
6738	0,0016
6744	0,0032
6749	0,0016
6758	0,0032
6764	0,0064
6764	0,0032
6766	0,0016
6769	0,0032
6772	0,0016
6778	0,0032
6785	0,0016
6793	0,0032
6799	0,0016
6803	0,0008
6809	0,0016
6815	0,0032
6825	0,0064
6825	0,0032
6828	0,0016
6833	0,0032
6836	0,0016
6841	0,0032
6845	0,0016
6850	0,0008
6855	0,0016
6860	0,0032
6862	0,0064
6863	0,0032
6867	0,0016
6873	0,0032
6878	0,0016
6882	0,0008
6886	0,0016
6892	0,0008
6896	0,0004
6899	0,0008
6906	0,0016
6911	0,0032
6916	0,0016
6921	0,0032
6925	0,0016
6929	0,0032
6931	0,0016
6936	0,0008
6942	0,0016
6947	0,0008
6953	0,0016
6957	0,0008
6963	0,0016
6967	0,0008
6971	0,0016
6977	0,0032
6978	0,0016
6985	0,0032
6991	0,0016
6999	0,0032
7010	0,0016
7017	0,0008
7020	0,0016
7025	0,0008
7028	0,0016
7034	0,0008
7037	0,0016
7041	0,0008
7045	0,0016
7049	0,0032
7050	0,0016
7054	0,0032
7057	0,0016
7061	0,0032
7066	0,0016
7070	0,0008
7075	0,0016
7082	0,0032
7086	0,0016
7090	0,0008
7095	0,0016
7099	0,0032
7100	0,0016
7105	0,0032
7108	0,0016
7111	0,0008
7116	0,0016
7120	0,0008
7124	0,0004
7128	0,0008
7132	0,0004
7136	0,0008
7139	0,0004
7143	0,0008
7150	0,0004
7155	0,0008
7158	0,0016
7164	0,0008
7169	0,0016
7172	0,0008
7175	0,0016
7180	0,0008
7184	0,0016
7188	0,0008
7192	0,0016
7196	0,0032
7198	0,0016
7201	0,0008
7206	0,0004
7209	0,0002
7213	0,0001
7216	0,0001
7218	0,0001
7221	0,0002
7224	0,0001
7226	0,0001
7229	0,0002
7232	0,0004
7236	0,0008
7240	0,0016
7245	0,0032
7246	0,0016
7250	0,0008
7254	0,0016
7261	0,0008
7265	0,0016
7267	0,0008
7272	0,0016
7275	0,0008
7280	0,0016
7285	0,0008
7288	0,0016
7290	0,0008
7294	0,0016
7298	0,0032
7298	0,0016
7299	0,0008
7303	0,0004
7306	0,0002
7309	0,0004
7312	0,0008
7318	0,0004
7322	0,0008
7328	0,0016
7330	0,0008
7334	0,0016
7337	0,0008
7341	0,0016
7346	0,0008
7351	0,0016
7356	0,0008
7358	0,0016
7360	0,0008
7363	0,0004
7366	0,0008
7368	0,0004
7373	0,0002
7376	0,0004
7381	0,0008
7385	0,0016
7389	0,0008
7394	0,0016
7397	0,0032
7398	0,0016
7399	0,0008
7407	0,0016
7411	0,0008
7414	0,0004
7419	0,0002
7423	0,0001
7426	0,0002
7429	0,0001
7432	0,0002
7436	0,0001
7438	0,0002
7441	0,0001
7443	0,0001
7446	0,0002
7449	0,0001
7452	0,0001
7455	0,0002
7459	0,0004
7463	0,0008
7467	0,0004
7471	0,0002
7473	0,0001
7476	0,0002
7479	0,0004
7483	0,0008
7487	0,0016
7492	0,0008
7495	0,0016
7498	0,0032
7498	0,0016
7501	0,0008
7505	0,0004
7510	0,0008
7516	0,0016
7520	0,0008
7523	0,0004
7526	0,0008
7532	0,0016
7535	0,0008
7539	0,0004
7543	0,0008
7547	0,0016
7552	0,0008
7556	0,0016
7557	0,0008
7561	0,0016
7564	0,0008
7567	0,0016
7571	0,0008
7574	0,0004
7577	0,0008
7580	0,0004
7584	0,0008
7587	0,0004
7590	0,0008
7596	0,0016
7598	0,0008
7604	0,0004
7607	0,0002
7610	0,0004
7614	0,0008
7617	0,0016
7621	0,0008
7624	0,0004
7627	0,0008
7632	0,0004
7637	0,0008
7641	0,0004
7644	0,0002
7646	0,0004
7649	0,0008
7652	0,0004
7656	0,0008
7659	0,0016
7661	0,0008
7666	0,0016
7668	0,0008
7673	0,0004
7676	0,0002
7678	0,0004
7682	0,0008
7684	0,0004
7687	0,0008
7691	0,0016
7694	0,0008
7698	0,0016
7703	0,0008
7706	0,0004
7709	0,0002
7712	0,0001
7714	0,0002
7717	0,0001
7720	0,0002
7722	0,0001
7724	0,0002
7726	0,0004
7730	0,0008
7732	0,0016
7734	0,0008
7737	0,0004
7740	0,0008
7744	0,0004
7747	0,0008
7753	0,0004
7756	0,0008
7759	0,0004
7762	0,0008
7767	0,0016
7768	0,0008
7770	0,0004
7773	0,0008
7778	0,0004
7782	0,0002
7785	0,0004
7788	0,0002
7791	0,0004
7794	0,0008
7797	0,0016
7799	0,0008
7803	0,0004
7807	0,0008
7810	0,0004
7814	0,0008
7818	0,0004
7821	0,0008
7823	0,0004
7828	0,0008
7832	0,0004
7834	0,0002
7836	0,0004
7838	0,0002
7840	0,0004
7844	0,0008
7848	0,0004
7851	0,0002
7854	0,0004
7857	0,0002
7860	0,0001
7862	0,0002
7865	0,0004
7867	0,0008
7870	0,0004
7873	0,0008
7876	0,0016
7878	0,0008
7881	0,0004
7884	0,0008
7887	0,0016
7888	0,0008
7890	0,0004
7893	0,0002
7896	0,0001
7898	0,0002
7900	0,0004
7903	0,0008
7907	0,0004
7910	0,0008
7912	0,0004
7914	0,0002
7916	0,0004
7919	0,0008
7923	0,0004
7928	0,0008
7931	0,0004
7935	0,0008
7939	0,0004
7942	0,0008
7945	0,0016
7947	0,0008
7952	0,0004
7955	0,0008
7958	0,0016
7961	0,0008
7964	0,0004
7968	0,0008
7973	0,0004
7975	0,0008
7978	0,0004
7981	0,0002
7983	0,0001
7986	0,0001
7988	0,0001
7991	0,0001
7993	0,0001
7996	0,0001
7998	0,0002
8001	0,0004
8005	0,0008
8008	0,0016
8012	0,0008
8014	0,0004
8017	0,0008
8020	0,0016
8023	0,0008
8025	0,0004
8027	0,0002
8029	0,0004
8031	0,0008
8033	0,0004
8036	0,0008
8041	0,0004
8045	0,0008
8047	0,0016
8048	0,0008
8053	0,0004
8056	0,0008
8058	0,0004
8061	0,0008
8064	0,0004
8067	0,0002
8070	0,0004
8072	0,0002
8075	0,0004
8079	0,0002
8082	0,0004
8085	0,0002
8087	0,0004
8090	0,0002
8093	0,0004
8096	0,0008
8099	0,0016
8099	0,0008
8101	0,0004
8104	0,0008
8106	0,0004
8109	0,0008
8113	0,0016
8113	0,0008
8116	0,0004
8119	0,0008
8121	0,0016
8122	0,0008
8125	0,0004
8128	0,0002
8130	0,0004
8133	0,0002
8135	0,0004
8137	0,0008
8141	0,0004
8146	0,0002
8149	0,0004
8152	0,0002
8155	0,0004
8157	0,0002
8161	0,0004
8164	0,0002
8167	0,0004
8169	0,0008
8174	0,0004
8177	0,0008
8178	0,0004
8180	0,0008
8184	0,0016
8184	0,0008
8186	0,0004
8189	0,0008
8190	0,0004
8193	0,0002
8195	0,0004
8199	0,0002
8201	0,0004
8204	0,0008
8208	0,0016
8209	0,0008
8213	0,0004
8216	0,0002
8219	0,0004
8221	0,0002
8223	0,0001
8225	0,0002
8227	0,0004
8230	0,0002
8233	0,0004
8236	0,0008
8240	0,0004
8243	0,0008
8245	0,0004
8248	0,0002
8252	0,0004
8254	0,0008
8258	0,0016
8262	0,0008
8264	0,0016
8266	0,0008
8267	0,0004
8270	0,0008
8272	0,0004
8275	0,0002
8277	0,0001
8279	0,0002
8281	0,0004
8283	0,0008
8285	0,0004
8287	0,0002
8290	0,0004
8294	0,0008
8297	0,0004
8300	0,0002
8303	0,0004
8306	0,0002
8308	0,0004
8311	0,0008
8312	0,0004
8314	0,0002
8316	0,0004
8318	0,0002
8322	0,0004
8325	0,0002
8327	0,0004
8328	0,0002
8331	0,0004
8335	0,0002
8337	0,0004
8339	0,0002
8341	0,0004
8344	0,0008
8346	0,0004
8349	0,0008
8351	0,0004
8354	0,0002
8357	0,0004
8359	0,0008
8361	0,0004
8364	0,0002
8366	0,0004
8369	0,0002
8371	0,0004
8374	0,0008
8376	0,0004
8378	0,0008
8379	0,0004
8381	0,0008
8384	0,0004
8386	0,0002
8388	0,0001
8390	0,0001
8392	0,0002
8394	0,0004
8397	0,0008
8399	0,0004
8401	0,0008
8403	0,0016
8403	0,0008
8404	0,0004
8407	0,0002
8409	0,0004
8410	0,0002
8413	0,0004
8415	0,0008
8418	0,0004
8420	0,0002
8422	0,0004
8424	0,0002
8426	0,0001
8429	0,0001
8430	0,0002
8432	0,0004
8435	0,0002
8437	0,0001
8439	0,0002
8441	0,0001
8443	0,0002
8445	0,0004
8448	0,0002
8451	0,0004
8453	0,0008
8454	0,0004
8456	0,0008
8457	0,0004
8459	0,0008
8461	0,0016
8461	0,0008
8462	0,0004
8464	0,0002
8466	0,0004
8469	0,0008
8472	0,0004
8474	0,0002
8476	0,0004
8477	0,0008
8480	0,0004
8483	0,0002
8486	0,0001
8488	0,0002
8491	0,0001
8493	0,0001
8495	0,0001
8497	0,0002
8499	0,0004
8502	0,0002
8504	0,0004
8507	0,0008
8509	0,0004
8511	0,0002
8514	0,0001
8516	0,0002
8518	0,0004
8520	0,0002
8522	0,0004
8524	0,0002
8526	0,0001
8528	0,0002
8529	0,0001
8531	0,0001
8533	0,0002
8535	0,0001
8538	0,0002
8540	0,0001
8543	0,0002
8545	0,0004
8548	0,0002
8550	0,0004
8553	0,0002
8555	0,0001
8557	0,0002
8559	0,0004
8563	0,0002
8565	0,0004
8568	0,0008
8569	0,0004
8572	0,0008
8573	0,0004
8575	0,0002
8577	0,0004
8579	0,0002
8581	0,0001
8582	0,0002
8585	0,0004
8588	0,0002
8590	0,0001
8592	0,0002
8594	0,0004
8597	0,0002
8599	0,0004
8602	0,0002
8604	0,0004
8605	0,0002
8607	0,0004
8610	0,0002
8612	0,0004
8614	0,0008
8614	0,0004
8617	0,0002
8619	0,0004
8621	0,0002
8624	0,0001
8626	0,0002
8628	0,0001
8631	0,0001
8633	0,0002
8635	0,0004
8638	0,0002
8641	0,0001
8643	0,0002
8644	0,0004
8647	0,0008
8649	0,0004
8651	0,0008
8653	0,0004
8655	0,0008
8657	0,0004
8659	0,0002
8661	0,0001
8662	0,0002
8664	0,0001
8666	0,0002
8668	0,0004
8671	0,0008
8674	0,0004
8676	0,0002
8678	0,0001
8680	0,0002
8682	0,0004
8684	0,0002
8686	0,0004
8688	0,0002
8690	0,0001
8692	0,0001
8693	0,0002
8695	0,0001
8697	0,0002
8699	0,0004
8702	0,0002
8704	0,0004
8706	0,0008
8707	0,0004
8709	0,0008
8710	0,0004
8712	0,0008
8714	0,0004
8716	0,0002
8718	0,0004
8720	0,0002
8722	0,0001
8724	0,0002
8726	0,0004
8728	0,0002
8730	0,0001
8732	0,0002
8734	0,0001
8736	0,0002
8739	0,0004
8742	0,0008
8744	0,0004
8745	0,0002
8747	0,0004
8749	0,0008
8749	0,0004
8752	0,0008
8752	0,0004
8754	0,0008
8756	0,0004
8759	0,0002
8761	0,0004
8763	0,0002
8765	0,0004
8767	0,0002
8769	0,0001
8771	0,0002
8773	0,0004
8775	0,0002
8777	0,0004
8778	0,0002
8780	0,0004
8783	0,0002
8786	0,0001
8788	0,0001
8790	0,0002
8793	0,0004
8795	0,0002
8797	0,0004
8799	0,0002
8801	0,0004
8803	0,0002
8805	0,0004
8806	0,0002
8808	0,0001
8811	0,0002
8813	0,0001
8814	0,0001
8816	0,0001
8818	0,0001
8820	0,0001
8822	0,0001
8824	0,0002
8826	0,0004
8829	0,0002
8831	0,0001
8832	0,0001
8834	0,0002
8836	0,0001
8838	0,0002
8840	0,0001
8842	0,0002
8843	0,0001
8845	0,0002
8846	0,0004
8848	0,0002
8849	0,0001
8851	0,0002
8853	0,0001
8855	0,0002
8857	0,0004
8859	0,0002
8861	0,0001
8863	0,0002
8865	0,0001
8867	0,0002
8869	0,0004
8870	0,0002
8872	0,0001
8874	0,0002
8875	0,0001
8877	0,0002
8879	0,0004
8882	0,0002
8884	0,0001
8886	0,0002
8889	0,0004
8892	0,0002
8894	0,0001
8896	0,0001
8898	0,0002
8900	0,0001
8902	0,0002
8904	0,0001
8906	0,0002
8907	0,0004
8909	0,0008
8910	0,0004
8911	0,0002
8913	0,0004
8914	0,0002
8916	0,0004
8917	0,0002
8919	0,0004
8920	0,0002
8923	0,0001
8925	0,0001
8927	0,0002
8929	0,0001
8930	0,0002
8933	0,0004
8936	0,0008
8936	0,0004
8937	0,0002
8938	0,0004
8940	0,0002
8943	0,0001
8945	0,0002
8947	0,0004
8949	0,0002
8951	0,0001
8953	0,0002
8955	0,0004
8956	0,0008
8959	0,0004
8961	0,0002
8963	0,0001
8965	0,0002
8966	0,0001
8968	0,0001
8970	0,0002
8972	0,0001
8974	0,0002
8975	0,0004
8977	0,0002
8979	0,0004
8981	0,0002
8982	0,0004
8984	0,0002
8986	0,0004
8989	0,0002
8990	0,0001
8992	0,0002
8994	0,0001
8996	0,0002
8998	0,0001
9000	0,0002
9003	0,0004
9006	0,0008
9008	0,0004
9009	0,0002
9010	0,0001
9012	0,0002
9013	0,0001
9015	0,0001
9017	0,0001
9018	0,0002
9019	0,0001
9021	0,0001
9023	0,0002
9025	0,0004
9028	0,0002
9030	0,0001
9032	0,0002
9033	0,0001
9034	0,0002
9037	0,0001
9039	0,0001
9040	0,0002
9042	0,0001
9043	0,0001
9045	0,0001
9047	0,0002
9049	0,0001
9052	0,0002
9055	0,0004
9057	0,0002
9058	0,0004
9059	0,0002
9061	0,0004
9063	0,0008
9065	0,0004
9066	0,0002
9068	0,0004
9070	0,0008
9070	0,0004
9072	0,0002
9074	0,0001
9075	0,0001
9076	0,0002
9077	0,0001
9079	0,0002
9081	0,0001
9082	0,0002
9084	0,0001
9086	0,0002
9088	0,0001
9090	0,0002
9092	0,0001
9094	0,0002
9096	0,0004
9097	0,0008
9098	0,0004
9100	0,0002
9102	0,0004
9104	0,0002
9107	0,0004
9108	0,0002
9110	0,0001
9112	0,0002
9115	0,0004
9117	0,0002
9119	0,0001
9120	0,0001
9122	0,0001
9124	0,0002
9126	0,0001
9128	0,0002
9130	0,0001
9132	0,0002
9135	0,0001
9137	0,0002
9139	0,0001
9140	0,0001
9142	0,0001
9144	0,0002
9145	0,0001
9147	0,0002
9148	0,0001
9149	0,0002
9151	0,0004
9153	0,0002
9155	0,0001
9157	0,0001
9159	0,0002
9161	0,0004
9162	0,0002
9164	0,0004
9166	0,0002
9169	0,0001
9170	0,0001
9171	0,0002
9173	0,0004
9174	0,0008
9174	0,0004
9175	0,0002
9176	0,0001
9177	0,0001
9178	0,0002
9180	0,0004
9182	0,0002
9184	0,0004
9185	0,0002
9187	0,0001
9188	0,0001
9190	0,0002
9191	0,0004
9193	0,0008
9193	0,0004
9194	0,0002
9195	0,0001
9197	0,0001
9199	0,0001
9201	0,0001
9202	0,0001
9203	0,0002
9204	0,0001
9206	0,0002
9207	0,0004
9208	0,0008
9209	0,0004
9211	0,0002
9213	0,0001
9214	0,0001
9216	0,0001
9217	0,0002
9220	0,0001
9222	0,0002
9223	0,0001
9225	0,0002
9227	0,0004
9229	0,0002
9231	0,0004
9233	0,0002
9235	0,0001
9236	0,0001
9237	0,0002
9238	0,0001
9239	0,0002
9241	0,0001
9243	0,0002
9245	0,0001
9247	0,0001
9249	0,0001
9251	0,0002
9253	0,0001
9255	0,0001
9256	0,0001
9257	0,0002
9258	0,0001
9260	0,0001
9261	0,0001
9263	0,0002
9264	0,0001
9266	0,0002
9268	0,0001
9270	0,0001
9271	0,0001
9274	0,0001
9275	0,0001
9277	0,0002
9279	0,0001
9280	0,0001
9281	0,0002
9283	0,0001
9284	0,0002
9285	0,0004
9286	0,0002
9287	0,0001
9288	0,0001
9289	0,0002
9291	0,0001
9293	0,0002
9294	0,0001
9296	0,0001
9299	0,0002
9301	0,0001
9303	0,0001
9304	0,0001
9305	0,0001
9307	0,0001
9308	0,0002
9311	0,0004
9313	0,0002
9315	0,0001
9316	0,0001
9317	0,0002
9318	0,0004
9320	0,0008
9320	0,0004
9321	0,0008
9321	0,0004
9322	0,0002
9323	0,0001
9325	0,0002
9326	0,0001
9327	0,0001
9328	0,0002
9330	0,0001
9331	0,0001
9332	0,0001
9333	0,0001
9334	0,0001
9336	0,0002
9337	0,0001
9339	0,0001
9341	0,0002
9342	0,0004
9343	0,0002
9344	0,0004
9345	0,0002
9347	0,0001
9348	0,0001
9350	0,0001
9351	0,0002
9353	0,0004
9354	0,0002
9355	0,0001
9357	0,0002
9358	0,0001
9359	0,0001
9361	0,0001
9362	0,0002
9363	0,0001
9364	0,0001
9366	0,0001
9368	0,0001
9370	0,0002
9371	0,0001
9372	0,0001
9373	0,0001
9374	0,0001
9375	0,0001
9377	0,0001
9379	0,0002
9380	0,0001
9381	0,0001
9383	0,0001
9384	0,0002
9386	0,0001
9388	0,0002
9390	0,0001
9392	0,0001
9394	0,0001
9395	0,0001
9397	0,0002
9399	0,0004
9400	0,0002
9402	0,0001
9403	0,0001
9405	0,0001
9406	0,0001
9407	0,0002
9408	0,0001
9410	0,0002
9412	0,0004
9413	0,0002
9414	0,0001
9415	0,0001
9417	0,0002
9418	0,0001
9419	0,0002
9420	0,0001
9421	0,0001
9422	0,0001
9423	0,0001
9424	0,0001
9425	0,0001
9426	0,0002
9427	0,0001
9429	0,0002
9430	0,0004
9431	0,0002
9432	0,0001
9433	0,0001
9434	0,0002
9435	0,0001
9437	0,0001
9438	0,0002
9439	0,0001
9441	0,0001
9443	0,0001
9444	0,0001
9445	0,0001
9446	0,0001
9447	0,0002
9448	0,0001
9449	0,0001
9450	0,0002
9451	0,0001
9453	0,0002
9454	0,0001
9455	0,0002
9456	0,0001
9458	0,0001
9459	0,0001
9460	0,0001
9461	0,0001
9462	0,0001
9463	0,0001
9464	0,0002
9465	0,0004
9467	0,0008
9467	0,0004
9468	0,0002
9469	0,0001
9470	0,0002
9471	0,0001
9472	0,0001
9473	0,0001
9475	0,0001
9476	0,0002
9477	0,0001
9478	0,0001
9479	0,0002
9480	0,0001
9481	0,0002
9482	0,0001
9483	0,0001
9485	0,0002
9486	0,0001
9487	0,0001
9488	0,0001
9490	0,0001
9491	0,0001
9492	0,0001
9493	0,0001
9494	0,0001
9495	0,0002
9496	0,0001
9497	0,0001
9498	0,0001
9499	0,0001
9500	0,0001
9501	0,0002
9502	0,0001
9503	0,0001
9504	0,0002
9505	0,0001
9507	0,0002
9508	0,0004
9509	0,0002
9510	0,0001
9511	0,0001
9513	0,0001
9514	0,0002
9515	0,0001
9516	0,0001
9517	0,0002
9518	0,0001
9519	0,0002
9521	0,0001
9522	0,0001
9523	0,0002
9524	0,0001
9525	0,0002
9526	0,0001
9528	0,0001
9529	0,0001
9530	0,0002
9531	0,0001
9532	0,0002
9533	0,0001
9534	0,0001
9535	0,0001
9537	0,0002
9538	0,0001
9540	0,0002
9542	0,0004
9543	0,0002
9544	0,0001
9546	0,0002
9547	0,0001
9549	0,0001
9551	0,0001
9552	0,0001
9553	0,0002
9555	0,0001
9556	0,0001
9558	0,0001
9559	0,0001
9560	0,0001
9561	0,0001
9563	0,0001
9564	0,0001
9566	0,0002
9567	0,0001
9569	0,0001
9570	0,0001
9571	0,0001
9572	0,0001
9573	0,0002
9574	0,0004
9575	0,0002
9577	0,0001
9578	0,0001
9579	0,0001
9580	0,0001
9581	0,0001
9582	0,0001
9583	0,0001
9584	0,0001
9585	0,0001
9586	0,0002
9587	0,0001
9588	0,0001
9589	0,0001
9590	0,0002
9591	0,0001
9593	0,0001
9594	0,0002
9595	0,0001
9596	0,0001
9597	0,0002
9598	0,0004
9599	0,0002
9600	0,0001
9601	0,0001
9602	0,0001
9603	0,0001
9604	0,0002
9605	0,0001
9606	0,0001
9607	0,0001
9608	0,0001
9609	0,0002
9611	0,0001
9612	0,0002
9613	0,0001
9614	0,0001
9615	0,0002
9616	0,0001
9617	0,0001
9618	0,0002
9619	0,0004
9620	0,0002
9621	0,0001
9622	0,0001
9623	0,0001
9624	0,0001
9625	0,0001
9626	0,0002
9627	0,0004
9628	0,0002
9630	0,0004
9631	0,0002
9633	0,0001
9634	0,0002
9636	0,0001
9638	0,0001
9640	0,0002
9641	0,0001
9642	0,0001
9644	0,0001
9645	0,0002
9646	0,0001
9647	0,0001
9648	0,0001
9649	0,0001
9650	0,0001
9651	0,0001
9652	0,0001
9653	0,0002
9655	0,0001
9656	0,0001
9658	0,0001
9659	0,0001
9660	0,0002
9661	0,0001
9662	0,0001
9663	0,0001
9664	0,0001
9666	0,0001
9667	0,0001
9668	0,0001
9669	0,0001
9670	0,0001
9671	0,0001
9672	0,0001
9673	0,0001
9674	0,0002
9675	0,0001
9676	0,0001
9677	0,0001
9678	0,0001
9679	0,0001
9680	0,0001
9681	0,0001
9682	0,0001
9683	0,0001
9685	0,0002
9686	0,0001
9688	0,0001
9689	0,0001
9690	0,0001
9691	0,0001
9692	0,0001
9693	0,0001
9694	0,0001
9695	0,0001
9696	0,0001
9698	0,0001
9699	0,0002
9700	0,0001
9702	0,0002
9704	0,0001
9705	0,0002
9706	0,0001
9707	0,0001
9708	0,0001
9710	0,0001
9711	0,0002
9712	0,0001
9714	0,0002
9716	0,0001
9717	0,0002
9718	0,0001
9720	0,0001
9721	0,0001
9722	0,0001
9723	0,0001
9724	0,0001
9725	0,0002
9727	0,0004
9728	0,0002
9729	0,0001
9730	0,0001
9731	0,0001
9732	0,0001
9734	0,0001
9735	0,0001
9736	0,0001
9737	0,0001
9738	0,0001
9739	0,0001
9740	0,0001
9741	0,0001
9742	0,0001
9743	0,0001
9744	0,0002
9745	0,0001
9746	0,0001
9747	0,0001
9748	0,0001
9749	0,0001
9750	0,0001
9751	0,0001
9752	0,0001
9753	0,0002
9754	0,0001
9755	0,0002
9756	0,0001
9757	0,0001
9758	0,0001
9759	0,0001
9760	0,0001
9761	0,0001
9762	0,0001
9763	0,0002
9764	0,0001
9765	0,0001
9766	0,0002
9767	0,0001
9768	0,0001
9769	0,0001
9770	0,0001
9771	0,0001
9773	0,0001
9774	0,0001
9775	0,0002
9776	0,0004
9777	0,0002
9778	0,0001
9779	0,0002
9780	0,0001
9782	0,0002
9783	0,0001
9784	0,0001
9785	0,0001
9786	0,0001
9787	0,0001
9788	0,0002
9789	0,0001
9790	0,0001
9791	0,0001
9792	0,0001
9793	0,0001
9794	0,0001
9795	0,0001
9796	0,0001
9797	0,0002
9797	0,0001
9798	0,0001
9799	0,0002
9800	0,0001
9801	0,0001
9802	0,0001
9803	0,0001
9805	0,0001
9806	0,0001
9807	0,0001
9808	0,0001
9809	0,0001
9810	0,0002
9812	0,0001
9813	0,0001
9814	0,0001
9815	0,0001
9816	0,0001
9816	0,0001
9817	0,0001
9818	0,0001
9819	0,0001
9820	0,0001
9821	0,0002
9822	0,0001
9823	0,0001
9824	0,0001
9825	0,0002
9825	0,0001
9826	0,0001
9827	0,0001
9828	0,0001
9829	0,0001
9830	0,0002
9832	0,0001
9833	0,0002
9834	0,0001
9835	0,0001
9836	0,0001
9837	0,0001
9838	0,0001
9839	0,0002
9839	0,0001
9840	0,0001
9841	0,0001
9842	0,0002
9842	0,0001
9843	0,0001
9844	0,0001
9845	0,0001
9846	0,0001
9847	0,0001
9848	0,0001
9849	0,0001
9850	0,0002
9851	0,0001
9852	0,0002
9853	0,0001
9854	0,0002
9855	0,0001
9856	0,0001
9857	0,0001
9858	0,0001
9859	0,0001
9860	0,0001
9861	0,0001
9862	0,0002
9864	0,0001
9865	0,0002
9866	0,0001
9867	0,0001
9868	0,0001
9869	0,0001
9870	0,0001
9871	0,0001
9872	0,0001
9872	0,0001
9873	0,0001
9874	0,0001
9875	0,0001
9876	0,0001
9877	0,0001
9878	0,0002
9878	0,0001
9879	0,0001
9880	0,0001
9881	0,0001
9882	0,0001
9883	0,0002
9884	0,0001
9885	0,0001
9886	0,0001
9887	0,0002
9888	0,0001
9889	0,0001
9889	0,0001
9890	0,0001
9891	0,0001
9892	0,0001
9893	0,0001
9894	0,0001
9895	0,0001
9896	0,0001
9897	0,0001
9898	0,0001
9899	0,0001
9900	0,0001
9901	0,0001
9902	0,0001
9903	0,0001
9904	0,0001
9905	0,0001
9906	0,0001
9907	0,0002
9907	0,0001
9908	0,0001
9909	0,0002
9910	0,0004
9911	0,0002
9912	0,0001
9912	0,0001
9913	0,0001
9914	0,0002
9915	0,0001
9916	0,0001
9917	0,0001
9918	0,0001
9919	0,0001
9920	0,0001
9921	0,0001
9922	0,0001
9923	0,0001
9924	0,0001
9925	0,0001
9926	0,0001
9926	0,0001
9927	0,0001
9927	0,0001
9928	0,0001
9929	0,0001
9929	0,0001
9929	0,0001
9929	0,0001
9930	0,0001
9930	0,0001
9931	0,0001
9932	0,0001
9932	0,0001
9933	0,0001
9934	0,0001
9935	0,0001
9936	0,0001
9937	0,0001
9938	0,0001
9939	0,0001
9940	0,0001
9941	0,0001
9941	0,0001
9942	0,0001
9943	0,0001
9944	0,0001
9944	0,0001
9945	0,0001
9945	0,0001
9946	0,0001
9947	0,0001
9947	0,0001
9947	0,0001
9948	0,0001
9949	0,0001
9950	0,0001
9950	0,0001
9951	0,0001
9952	0,0001
9952	0,0001
9953	0,0001
9953	0,0001
9954	0,0001
9955	0,0001
9955	0,0001
9956	0,0001
9957	0,0001
9958	0,0001
9959	0,0001
9960	0,0001
9960	0,0001
9961	0,0001
9962	0,0001
9963	0,0001
9963	0,0001
9964	0,0001
9964	0,0001
9965	0,0001
9966	0,0001
9966	0,0001
9967	0,0001
9968	0,0001
9969	0,0001
9970	0,0001
9970	0,0001
9970	0,0001
9970	0,0001
9971	0,0001
9971	0,0001
9972	0,0001
9972	0,0001
9973	0,0001
9974	0,0001
9975	0,0001
9976	0,0001
9976	0,0001
9976	0,0001
9976	0,0001
9976	0,0001
9976	0,0001
9976	0,0001
9976	0,0001
9977	0,0001
9978	0,0001
9978	0,0001
9979	0,0001
9980	0,0001
9981	0,0001
9982	0,0001
9983	0,0001
9983	0,0001
9983	0,0001
9983	0,0001
9983	0,0001
9984	0,0001
9984	0,0001
9984	0,0001
9984	0,0001
9984	0,0001
9985	0,0001
9986	0,0001
9987	0,0001
9987	0,0001
9987	0,0001
9987	0,0001
9988	0,0001
9988	0,0001
9988	0,0001
9988	0,0001
9988	0,0001
9988	0,0001
9988	0,0001
9988	0,0001
9988	0,0001
9989	0,0001
9990	0,0001
9990	0,0001
9990	0,0001
9990	0,0001
9990	0,0001
9990	0,0001
9990	0,0001
9991	0,0001
9991	0,0001
9991	0,0001
9991	0,0001
9992	0,0001
9992	0,0001
9992	0,0001
9992	0,0001
9993	0,0001
9993	0,0001
9993	0,0001
9993	0,0001
9993	0,0001
9993	0,0001
9993	0,0001
9993	0,0001
9993	0,0001
9993	0,0001
9994	0,0001
9994	0,0001
9994	0,0001
9994	0,0001
9994	0,0001
9994	0,0001
9994	0,0001
9994	0,0001
9994	0,0001
9994	0,0001
9994	0,0001
9995	0,0001
9995	0,0001
9995	0,0001
9995	0,0001
9995	0,0001
9995	0,0001
9995	0,0001
9995	0,0001
9995	0,0001
9995	0,0001
9996	0,0001
9996	0,0001
9996	0,0001
9996	0,0001
9996	0,0001
9996	0,0001
9996	0,0001
9996	0,0001
9996	0,0001
9996	0,0001
9996	0,0001
9997	0,0001
9997	0,0001
9997	0,0001
9997	0,0001
9997	0,0001
9998	0,0001
9998	0,0001
9998	0,0001
9998	0,0001
9998	0,0001
9998	0,0001
9998	0,0001
9998	0,0001
9998	0,0001
9998	0,0001
9998	0,0001
9999	0,0001
9999	0,0001
9999	0,0001
9999	0,0001
9999	0,0001
9999	0,0001
9999	0,0001
9999	0,0001
9999	0,0001
9999	0,0001
9999	0,0001
9999	0,0001
9999	0,0001
9999	0,0001
9999	0,0001
9999	0,0001
9999	0,0001
9999	0,0001
9999	0,0001
9999	0,0001
9999	0,0001
9999	0,0001
9999	0,0001
9999	0,0001
9999	0,0001
9999	0,0001
9999	0,0001
9999	0,0001
9999	0,0001
9999	0,0001
9999	0,0001
9999	0,0001
9999	0,0001
9999	0,0001
9999	0,0001
9999	0,0001
9999	0,0001
9999	0,0001
9999	0,0001
9999	0,0001
9999	0,0001
9999	0,0001
9999	0,0001
9999	0,0001
9999	0,0001
9999	0,0001
9999	0,0001
9999	0,0001
9999	0,0001
9999	0,0001
9999	0,0001
9999	0,0001
9999	0,0001
9999	0,0001
9999	0,0001
9999	0,0001
9999	0,0001
9999	0,0001
9999	0,0001
9999	0,0001
9999	0,0001
9999	0,0001
9999	0,0001
9999	0,0001
9999	0,0001
9999	0,0001
9999	0,0001
9999	0,0001
9999	0,0001
9999	0,0001
9999	0,0001
9999	0,0001
9999	0,0001
9999	0,0001
9999	0,0001
9999	0,0001
9999	0,0001
9999	0,0001
9999	0,0001
10000	0,0001
