opl_Ab (function - probability):
~  n = 10000  ~  lambda = 400  ~

4962	0,0001
4965	0,0002
4969	0,0004
4977	0,0008
4986	0,0016
4998	0,0032
5015	0,0064
5037	0,0128
5069	0,0256
5112	0,0512
5156	0,1024
5201	0,2048
5217	0,1024
5246	0,2048
5251	0,1024
5291	0,2048
5298	0,1024
5334	0,0512
5360	0,1024
5376	0,0512
5415	0,0256
5433	0,0512
5450	0,0256
5469	0,0512
5487	0,0256
5519	0,0512
5536	0,0256
5558	0,0128
5570	0,0256
5580	0,0128
5598	0,0256
5605	0,0128
5618	0,0256
5634	0,0128
5653	0,0256
5659	0,0128
5672	0,0256
5689	0,0128
5704	0,0256
5707	0,0128
5720	0,0256
5721	0,0128
5742	0,0064
5753	0,0128
5772	0,0064
5788	0,0128
5799	0,0064
5809	0,0128
5825	0,0064
5836	0,0128
5846	0,0064
5857	0,0128
5870	0,0064
5877	0,0128
5886	0,0064
5894	0,0128
5910	0,0064
5923	0,0128
5929	0,0064
5939	0,0128
5944	0,0064
5954	0,0128
5965	0,0064
5978	0,0128
5981	0,0064
5990	0,0128
5999	0,0064
6009	0,0128
6019	0,0064
6035	0,0128
6047	0,0064
6055	0,0128
6059	0,0064
6071	0,0032
6082	0,0064
6088	0,0032
6095	0,0064
6105	0,0032
6120	0,0064
6124	0,0032
6133	0,0064
6138	0,0032
6145	0,0064
6154	0,0032
6163	0,0064
6171	0,0032
6179	0,0064
6183	0,0032
6191	0,0064
6197	0,0032
6210	0,0064
6214	0,0032
6223	0,0064
6236	0,0032
6245	0,0064
6251	0,0032
6259	0,0064
6263	0,0032
6268	0,0064
6275	0,0032
6282	0,0064
6291	0,0032
6301	0,0064
6305	0,0032
6312	0,0064
6319	0,0032
6329	0,0064
6334	0,0032
6340	0,0016
6346	0,0032
6357	0,0064
6369	0,0032
6376	0,0064
6378	0,0032
6386	0,0064
6395	0,0032
6404	0,0064
6412	0,0032
6419	0,0016
6428	0,0032
6433	0,0016
6441	0,0032
6448	0,0064
6454	0,0032
6459	0,0016
6466	0,0032
6471	0,0064
6474	0,0032
6483	0,0064
6488	0,0032
6495	0,0016
6501	0,0032
6511	0,0064
6516	0,0032
6521	0,0064
6524	0,0032
6532	0,0064
6535	0,0032
6543	0,0016
6549	0,0032
6557	0,0064
6562	0,0032
6571	0,0016
6577	0,0032
6584	0,0016
6589	0,0032
6597	0,0016
6606	0,0032
6611	0,0016
6617	0,0032
6626	0,0016
6634	0,0032
6645	0,0016
6651	0,0032
6655	0,0016
6660	0,0032
6663	0,0016
6668	0,0032
6674	0,0016
6679	0,0032
6683	0,0016
6688	0,0032
6691	0,0016
6699	0,0032
6705	0,0064
6706	0,0032
6711	0,0016
6718	0,0032
6727	0,0016
6732	0,0032
6734	0,0016
6739	0,0032
6742	0,0016
6749	0,0032
6753	0,0016
6758	0,0032
6764	0,0016
6770	0,0032
6775	0,0016
6779	0,0032
6782	0,0016
6794	0,0032
6797	0,0016
6805	0,0032
6807	0,0016
6812	0,0032
6815	0,0016
6818	0,0032
6825	0,0016
6831	0,0032
6834	0,0016
6840	0,0032
6845	0,0016
6850	0,0032
6856	0,0016
6860	0,0032
6863	0,0016
6869	0,0032
6874	0,0016
6879	0,0032
6882	0,0016
6887	0,0032
6892	0,0016
6898	0,0032
6906	0,0016
6909	0,0032
6913	0,0016
6919	0,0032
6925	0,0016
6930	0,0032
6931	0,0016
6937	0,0032
6944	0,0016
6948	0,0032
6952	0,0016
6959	0,0032
6961	0,0016
6964	0,0032
6970	0,0016
6976	0,0032
6981	0,0016
6986	0,0032
6992	0,0016
6995	0,0032
6995	0,0016
6999	0,0032
7001	0,0016
7005	0,0032
7015	0,0016
7019	0,0032
7029	0,0016
7039	0,0032
7040	0,0016
7046	0,0032
7049	0,0016
7053	0,0032
7054	0,0016
7059	0,0032
7059	0,0016
7065	0,0032
7068	0,0016
7072	0,0032
7073	0,0016
7078	0,0032
7085	0,0016
7090	0,0032
7093	0,0016
7098	0,0032
7100	0,0016
7104	0,0032
7108	0,0016
7113	0,0008
7118	0,0016
7122	0,0008
7128	0,0016
7135	0,0008
7139	0,0016
7142	0,0008
7146	0,0016
7149	0,0032
7151	0,0016
7155	0,0008
7159	0,0016
7162	0,0032
7162	0,0016
7167	0,0032
7170	0,0016
7173	0,0008
7178	0,0016
7183	0,0032
7185	0,0016
7189	0,0032
7189	0,0016
7194	0,0008
7200	0,0016
7203	0,0008
7207	0,0016
7211	0,0008
7215	0,0016
7219	0,0008
7224	0,0016
7226	0,0008
7229	0,0016
7233	0,0008
7239	0,0016
7244	0,0008
7248	0,0016
7251	0,0008
7255	0,0016
7259	0,0032
7262	0,0016
7264	0,0008
7268	0,0016
7273	0,0032
7275	0,0016
7278	0,0008
7281	0,0016
7284	0,0008
7287	0,0016
7289	0,0008
7294	0,0016
7298	0,0008
7303	0,0016
7305	0,0008
7311	0,0016
7314	0,0008
7316	0,0016
7320	0,0008
7325	0,0016
7328	0,0008
7331	0,0016
7333	0,0008
7337	0,0016
7341	0,0008
7345	0,0016
7347	0,0008
7354	0,0016
7357	0,0008
7363	0,0016
7369	0,0008
7373	0,0016
7375	0,0008
7379	0,0016
7382	0,0008
7386	0,0016
7391	0,0008
7395	0,0016
7398	0,0008
7401	0,0016
7402	0,0008
7405	0,0016
7407	0,0008
7412	0,0016
7416	0,0008
7420	0,0016
7423	0,0008
7428	0,0016
7433	0,0008
7439	0,0016
7442	0,0008
7445	0,0016
7447	0,0008
7451	0,0016
7454	0,0008
7459	0,0016
7461	0,0008
7464	0,0016
7467	0,0008
7472	0,0016
7475	0,0008
7479	0,0016
7486	0,0008
7489	0,0016
7493	0,0008
7497	0,0016
7500	0,0008
7504	0,0016
7509	0,0008
7512	0,0016
7517	0,0008
7519	0,0016
7524	0,0008
7526	0,0016
7529	0,0008
7533	0,0016
7539	0,0008
7542	0,0016
7546	0,0008
7550	0,0016
7552	0,0008
7557	0,0016
7559	0,0008
7563	0,0016
7565	0,0008
7568	0,0016
7571	0,0008
7574	0,0016
7576	0,0008
7580	0,0016
7583	0,0008
7585	0,0016
7590	0,0008
7593	0,0016
7595	0,0008
7598	0,0016
7601	0,0008
7606	0,0016
7610	0,0008
7613	0,0016
7616	0,0008
7618	0,0016
7621	0,0008
7625	0,0016
7633	0,0008
7638	0,0016
7639	0,0008
7642	0,0016
7645	0,0008
7650	0,0016
7653	0,0008
7657	0,0016
7660	0,0008
7664	0,0016
7667	0,0008
7669	0,0016
7675	0,0008
7678	0,0016
7681	0,0008
7685	0,0016
7689	0,0008
7695	0,0016
7697	0,0008
7700	0,0016
7701	0,0008
7706	0,0016
7709	0,0008
7713	0,0016
7716	0,0008
7719	0,0016
7719	0,0008
7724	0,0016
7727	0,0008
7730	0,0016
7734	0,0008
7737	0,0016
7738	0,0008
7742	0,0016
7742	0,0008
7745	0,0016
7747	0,0008
7751	0,0016
7753	0,0008
7757	0,0016
7759	0,0008
7762	0,0016
7765	0,0008
7767	0,0016
7768	0,0008
7770	0,0016
7772	0,0008
7776	0,0016
7782	0,0008
7783	0,0016
7785	0,0008
7787	0,0016
7790	0,0008
7794	0,0016
7795	0,0008
7799	0,0016
7803	0,0008
7805	0,0016
7808	0,0008
7811	0,0016
7814	0,0008
7817	0,0016
7819	0,0008
7822	0,0016
7823	0,0008
7827	0,0016
7829	0,0008
7834	0,0016
7836	0,0008
7839	0,0016
7843	0,0008
7847	0,0016
7850	0,0008
7853	0,0004
7856	0,0008
7859	0,0016
7862	0,0008
7865	0,0004
7868	0,0008
7870	0,0016
7871	0,0008
7874	0,0016
7879	0,0008
7881	0,0016
7881	0,0008
7884	0,0016
7886	0,0008
7889	0,0016
7890	0,0008
7891	0,0016
7894	0,0008
7898	0,0016
7899	0,0008
7902	0,0016
7903	0,0008
7905	0,0004
7908	0,0008
7911	0,0016
7912	0,0008
7914	0,0016
7917	0,0008
7921	0,0004
7925	0,0008
7927	0,0016
7928	0,0008
7931	0,0016
7936	0,0008
7938	0,0016
7940	0,0008
7945	0,0016
7946	0,0008
7949	0,0016
7950	0,0008
7953	0,0016
7954	0,0008
7957	0,0016
7957	0,0008
7960	0,0004
7962	0,0008
7964	0,0016
7966	0,0008
7967	0,0016
7969	0,0008
7972	0,0016
7974	0,0008
7977	0,0004
7979	0,0008
7982	0,0016
7984	0,0008
7987	0,0016
7988	0,0008
7989	0,0004
7991	0,0008
7995	0,0004
7998	0,0008
8001	0,0016
8002	0,0008
8005	0,0004
8010	0,0008
8012	0,0016
8014	0,0008
8017	0,0016
8018	0,0008
8020	0,0004
8023	0,0008
8026	0,0004
8029	0,0008
8032	0,0016
8033	0,0008
8036	0,0016
8039	0,0008
8041	0,0016
8042	0,0008
8048	0,0016
8051	0,0008
8053	0,0004
8056	0,0008
8058	0,0016
8060	0,0008
8062	0,0004
8065	0,0008
8068	0,0016
8070	0,0008
8074	0,0016
8076	0,0008
8078	0,0004
8081	0,0008
8083	0,0016
8086	0,0008
8088	0,0016
8089	0,0008
8091	0,0004
8093	0,0008
8096	0,0016
8099	0,0008
8101	0,0016
8101	0,0008
8103	0,0004
8106	0,0008
8107	0,0004
8109	0,0008
8110	0,0004
8113	0,0008
8115	0,0016
8116	0,0008
8120	0,0016
8121	0,0008
8124	0,0016
8124	0,0008
8128	0,0016
8128	0,0008
8131	0,0004
8135	0,0008
8137	0,0016
8137	0,0008
8140	0,0016
8140	0,0008
8141	0,0016
8142	0,0008
8146	0,0004
8149	0,0008
8152	0,0004
8154	0,0008
8156	0,0004
8159	0,0008
8163	0,0016
8163	0,0008
8167	0,0016
8168	0,0008
8170	0,0004
8172	0,0008
8174	0,0016
8174	0,0008
8178	0,0016
8178	0,0008
8181	0,0016
8182	0,0008
8185	0,0004
8187	0,0008
8189	0,0004
8191	0,0008
8194	0,0004
8197	0,0008
8199	0,0004
8202	0,0008
8204	0,0004
8206	0,0008
8208	0,0016
8209	0,0008
8210	0,0004
8212	0,0008
8215	0,0016
8217	0,0008
8219	0,0004
8223	0,0008
8225	0,0016
8225	0,0008
8228	0,0016
8228	0,0008
8231	0,0004
8238	0,0008
8239	0,0004
8243	0,0008
8246	0,0004
8249	0,0008
8252	0,0004
8254	0,0008
8256	0,0004
8259	0,0008
8261	0,0004
8265	0,0008
8267	0,0004
8269	0,0008
8271	0,0004
8276	0,0008
8277	0,0004
8279	0,0008
8282	0,0004
8284	0,0008
8289	0,0016
8289	0,0008
8292	0,0004
8294	0,0008
8296	0,0004
8299	0,0008
8302	0,0004
8305	0,0008
8308	0,0004
8310	0,0008
8313	0,0004
8317	0,0008
8319	0,0004
8322	0,0008
8325	0,0016
8325	0,0008
8326	0,0004
8328	0,0008
8329	0,0004
8332	0,0008
8334	0,0004
8336	0,0008
8340	0,0004
8343	0,0008
8348	0,0004
8350	0,0008
8352	0,0004
8354	0,0008
8356	0,0004
8359	0,0008
8362	0,0004
8364	0,0008
8365	0,0004
8367	0,0008
8369	0,0004
8372	0,0008
8374	0,0004
8376	0,0008
8378	0,0004
8382	0,0008
8384	0,0004
8386	0,0008
8388	0,0004
8390	0,0008
8392	0,0004
8395	0,0008
8397	0,0004
8399	0,0008
8401	0,0004
8405	0,0008
8407	0,0004
8410	0,0008
8414	0,0004
8417	0,0008
8418	0,0004
8420	0,0008
8421	0,0004
8423	0,0008
8424	0,0004
8426	0,0008
8429	0,0004
8432	0,0008
8434	0,0004
8436	0,0008
8439	0,0004
8441	0,0008
8442	0,0004
8444	0,0008
8447	0,0004
8450	0,0008
8452	0,0004
8454	0,0008
8455	0,0004
8456	0,0008
8458	0,0016
8458	0,0008
8459	0,0004
8462	0,0008
8464	0,0004
8466	0,0008
8470	0,0004
8473	0,0008
8478	0,0004
8481	0,0008
8483	0,0004
8485	0,0008
8488	0,0004
8491	0,0008
8492	0,0004
8494	0,0008
8496	0,0004
8498	0,0008
8499	0,0004
8502	0,0008
8504	0,0004
8507	0,0008
8510	0,0004
8512	0,0008
8514	0,0016
8514	0,0008
8515	0,0004
8517	0,0008
8518	0,0004
8520	0,0008
8521	0,0004
8524	0,0008
8524	0,0004
8526	0,0008
8528	0,0004
8530	0,0008
8534	0,0004
8536	0,0008
8538	0,0004
8540	0,0008
8543	0,0004
8546	0,0008
8549	0,0004
8551	0,0008
8552	0,0004
8554	0,0008
8555	0,0004
8558	0,0008
8560	0,0004
8562	0,0008
8564	0,0004
8566	0,0008
8569	0,0004
8572	0,0008
8574	0,0004
8577	0,0008
8580	0,0004
8582	0,0008
8584	0,0004
8587	0,0008
8589	0,0004
8591	0,0008
8593	0,0004
8595	0,0008
8596	0,0004
8597	0,0008
8599	0,0004
8603	0,0008
8604	0,0004
8606	0,0008
8607	0,0004
8609	0,0008
8612	0,0004
8614	0,0008
8616	0,0004
8618	0,0008
8618	0,0004
8620	0,0008
8622	0,0004
8624	0,0008
8625	0,0004
8628	0,0008
8630	0,0004
8634	0,0008
8635	0,0004
8637	0,0008
8638	0,0004
8640	0,0008
8642	0,0004
8644	0,0008
8646	0,0004
8647	0,0008
8649	0,0004
8652	0,0008
8656	0,0004
8658	0,0008
8659	0,0004
8661	0,0008
8662	0,0004
8664	0,0008
8666	0,0004
8668	0,0008
8669	0,0004
8671	0,0008
8672	0,0004
8673	0,0008
8674	0,0004
8677	0,0008
8679	0,0004
8682	0,0008
8684	0,0004
8686	0,0008
8687	0,0004
8688	0,0008
8691	0,0004
8695	0,0008
8696	0,0004
8698	0,0008
8700	0,0004
8702	0,0008
8705	0,0004
8708	0,0008
8710	0,0004
8712	0,0008
8713	0,0004
8715	0,0008
8717	0,0004
8720	0,0008
8722	0,0004
8725	0,0008
8726	0,0004
8728	0,0008
8729	0,0004
8731	0,0008
8732	0,0004
8733	0,0008
8735	0,0004
8736	0,0008
8738	0,0004
8740	0,0008
8740	0,0004
8742	0,0008
8743	0,0004
8746	0,0008
8748	0,0004
8749	0,0008
8751	0,0004
8753	0,0008
8754	0,0004
8756	0,0008
8757	0,0004
8761	0,0008
8764	0,0004
8766	0,0008
8766	0,0004
8768	0,0008
8770	0,0004
8772	0,0008
8774	0,0004
8776	0,0008
8776	0,0004
8778	0,0008
8780	0,0004
8781	0,0008
8783	0,0004
8785	0,0008
8786	0,0004
8788	0,0008
8790	0,0004
8792	0,0008
8792	0,0004
8794	0,0008
8796	0,0004
8798	0,0008
8801	0,0004
8804	0,0008
8805	0,0004
8806	0,0008
8807	0,0004
8809	0,0002
8811	0,0004
8812	0,0008
8813	0,0004
8816	0,0008
8817	0,0004
8819	0,0008
8820	0,0004
8823	0,0008
8825	0,0004
8827	0,0008
8829	0,0004
8830	0,0002
8832	0,0004
8834	0,0008
8834	0,0004
8836	0,0008
8837	0,0004
8839	0,0008
8840	0,0004
8842	0,0008
8843	0,0004
8845	0,0002
8847	0,0004
8849	0,0008
8851	0,0004
8853	0,0008
8854	0,0004
8855	0,0008
8856	0,0004
8858	0,0008
8860	0,0004
8862	0,0008
8863	0,0004
8864	0,0008
8866	0,0004
8869	0,0008
8871	0,0004
8873	0,0008
8875	0,0004
8877	0,0008
8877	0,0004
8878	0,0008
8878	0,0004
8880	0,0008
8881	0,0004
8884	0,0008
8886	0,0004
8888	0,0008
8889	0,0004
8891	0,0008
8892	0,0004
8894	0,0002
8897	0,0004
8901	0,0008
8901	0,0004
8903	0,0008
8903	0,0004
8905	0,0002
8908	0,0004
8910	0,0008
8911	0,0004
8912	0,0008
8913	0,0004
8915	0,0008
8916	0,0004
8918	0,0008
8918	0,0004
8920	0,0008
8921	0,0004
8923	0,0008
8924	0,0004
8925	0,0008
8926	0,0004
8927	0,0008
8928	0,0004
8929	0,0008
8929	0,0004
8931	0,0008
8933	0,0004
8936	0,0002
8937	0,0004
8939	0,0008
8940	0,0004
8942	0,0008
8942	0,0004
8944	0,0008
8945	0,0004
8946	0,0008
8947	0,0004
8950	0,0008
8951	0,0004
8953	0,0008
8953	0,0004
8954	0,0008
8956	0,0004
8958	0,0008
8960	0,0004
8961	0,0008
8963	0,0004
8966	0,0008
8966	0,0004
8968	0,0008
8969	0,0004
8971	0,0008
8971	0,0004
8973	0,0008
8975	0,0004
8976	0,0008
8977	0,0004
8979	0,0008
8981	0,0004
8982	0,0008
8984	0,0004
8986	0,0008
8988	0,0004
8990	0,0008
8990	0,0004
8991	0,0002
8992	0,0004
8995	0,0008
8995	0,0004
8997	0,0008
8998	0,0004
8999	0,0008
9000	0,0004
9001	0,0008
9001	0,0004
9002	0,0002
9003	0,0004
9005	0,0008
9006	0,0004
9008	0,0002
9010	0,0004
9011	0,0008
9013	0,0004
9014	0,0002
9016	0,0004
9017	0,0002
9019	0,0004
9021	0,0002
9023	0,0004
9026	0,0002
9028	0,0004
9029	0,0008
9030	0,0004
9031	0,0002
9033	0,0004
9035	0,0008
9036	0,0004
9037	0,0002
9038	0,0004
9040	0,0002
9042	0,0004
9044	0,0008
9046	0,0004
9048	0,0008
9048	0,0004
9049	0,0002
9052	0,0004
9054	0,0002
9055	0,0004
9056	0,0002
9058	0,0004
9059	0,0002
9060	0,0004
9063	0,0008
9065	0,0004
9066	0,0002
9068	0,0004
9070	0,0008
9070	0,0004
9072	0,0008
9074	0,0004
9076	0,0008
9079	0,0004
9081	0,0002
9083	0,0004
9085	0,0002
9087	0,0004
9088	0,0002
9090	0,0004
9091	0,0008
9092	0,0004
9094	0,0002
9096	0,0004
9097	0,0008
9100	0,0004
9102	0,0008
9103	0,0004
9106	0,0008
9107	0,0004
9108	0,0002
9110	0,0004
9113	0,0002
9117	0,0004
9118	0,0002
9119	0,0004
9121	0,0002
9123	0,0004
9124	0,0002
9125	0,0004
9126	0,0002
9128	0,0004
9129	0,0002
9131	0,0004
9133	0,0002
9134	0,0004
9136	0,0002
9137	0,0004
9138	0,0008
9138	0,0004
9140	0,0002
9141	0,0004
9143	0,0002
9145	0,0004
9147	0,0008
9148	0,0004
9149	0,0008
9149	0,0004
9150	0,0002
9151	0,0004
9154	0,0008
9156	0,0004
9157	0,0008
9158	0,0004
9160	0,0008
9160	0,0004
9162	0,0002
9164	0,0004
9166	0,0008
9166	0,0004
9168	0,0002
9169	0,0004
9171	0,0002
9172	0,0004
9173	0,0002
9175	0,0004
9177	0,0008
9178	0,0004
9179	0,0002
9181	0,0004
9183	0,0002
9184	0,0004
9185	0,0002
9187	0,0004
9188	0,0002
9190	0,0004
9191	0,0002
9193	0,0004
9195	0,0008
9196	0,0004
9197	0,0002
9198	0,0004
9200	0,0002
9202	0,0004
9203	0,0002
9206	0,0004
9207	0,0002
9209	0,0004
9211	0,0002
9213	0,0004
9215	0,0002
9216	0,0004
9217	0,0002
9219	0,0004
9221	0,0002
9223	0,0004
9224	0,0002
9226	0,0004
9227	0,0002
9229	0,0004
9231	0,0002
9233	0,0004
9234	0,0002
9236	0,0004
9237	0,0008
9238	0,0004
9239	0,0002
9241	0,0004
9242	0,0002
9243	0,0004
9244	0,0002
9245	0,0004
9246	0,0002
9248	0,0004
9250	0,0002
9252	0,0004
9253	0,0002
9255	0,0004
9256	0,0002
9257	0,0004
9258	0,0002
9260	0,0004
9261	0,0002
9262	0,0004
9263	0,0002
9265	0,0004
9267	0,0002
9269	0,0004
9270	0,0002
9271	0,0004
9272	0,0002
9274	0,0004
9276	0,0002
9278	0,0004
9279	0,0002
9280	0,0004
9281	0,0002
9282	0,0004
9283	0,0002
9284	0,0004
9285	0,0002
9287	0,0004
9288	0,0002
9290	0,0004
9291	0,0002
9293	0,0004
9294	0,0002
9296	0,0004
9297	0,0002
9299	0,0004
9300	0,0002
9301	0,0004
9303	0,0002
9306	0,0004
9307	0,0002
9308	0,0004
9309	0,0002
9310	0,0004
9311	0,0002
9312	0,0001
9314	0,0002
9316	0,0004
9317	0,0002
9320	0,0004
9320	0,0002
9323	0,0004
9324	0,0002
9325	0,0004
9326	0,0002
9328	0,0004
9329	0,0002
9330	0,0004
9332	0,0002
9334	0,0004
9336	0,0002
9337	0,0004
9337	0,0002
9339	0,0004
9340	0,0002
9342	0,0004
9343	0,0002
9344	0,0004
9345	0,0002
9347	0,0004
9348	0,0002
9350	0,0004
9351	0,0002
9352	0,0004
9354	0,0002
9357	0,0004
9358	0,0002
9359	0,0001
9361	0,0002
9363	0,0001
9365	0,0002
9367	0,0004
9368	0,0002
9369	0,0004
9371	0,0002
9372	0,0004
9373	0,0002
9374	0,0004
9376	0,0002
9377	0,0004
9379	0,0002
9381	0,0004
9382	0,0002
9383	0,0004
9383	0,0002
9385	0,0004
9386	0,0002
9387	0,0001
9388	0,0002
9389	0,0004
9389	0,0002
9390	0,0004
9392	0,0002
9393	0,0004
9394	0,0002
9396	0,0004
9397	0,0002
9398	0,0004
9399	0,0002
9400	0,0004
9401	0,0002
9402	0,0004
9404	0,0002
9406	0,0004
9408	0,0002
9409	0,0004
9410	0,0002
9412	0,0004
9413	0,0002
9414	0,0001
9416	0,0002
9417	0,0004
9417	0,0002
9418	0,0004
9419	0,0002
9421	0,0004
9422	0,0002
9424	0,0004
9426	0,0002
9428	0,0004
9429	0,0002
9431	0,0004
9432	0,0002
9433	0,0004
9433	0,0002
9434	0,0004
9434	0,0002
9435	0,0004
9436	0,0002
9437	0,0004
9438	0,0002
9439	0,0004
9440	0,0002
9442	0,0001
9443	0,0002
9445	0,0004
9446	0,0002
9447	0,0004
9449	0,0002
9451	0,0001
9452	0,0002
9454	0,0001
9455	0,0002
9457	0,0001
9459	0,0002
9461	0,0004
9462	0,0002
9463	0,0004
9465	0,0002
9466	0,0001
9467	0,0002
9468	0,0001
9469	0,0002
9470	0,0004
9471	0,0002
9473	0,0004
9474	0,0002
9475	0,0001
9476	0,0002
9477	0,0004
9478	0,0002
9479	0,0004
9480	0,0002
9482	0,0004
9483	0,0002
9485	0,0004
9486	0,0002
9487	0,0001
9489	0,0002
9490	0,0001
9491	0,0002
9493	0,0004
9494	0,0002
9495	0,0001
9496	0,0002
9497	0,0004
9499	0,0002
9500	0,0001
9501	0,0002
9502	0,0001
9504	0,0002
9505	0,0001
9506	0,0001
9508	0,0002
9509	0,0001
9511	0,0002
9513	0,0001
9515	0,0002
9516	0,0004
9517	0,0002
9519	0,0001
9521	0,0001
9522	0,0002
9524	0,0004
9525	0,0002
9527	0,0004
9529	0,0002
9531	0,0001
9532	0,0002
9533	0,0001
9534	0,0002
9535	0,0004
9536	0,0002
9537	0,0004
9537	0,0002
9539	0,0001
9540	0,0001
9541	0,0001
9542	0,0002
9543	0,0001
9544	0,0002
9546	0,0001
9547	0,0002
9548	0,0001
9550	0,0002
9551	0,0004
9552	0,0002
9553	0,0001
9554	0,0002
9555	0,0004
9556	0,0002
9557	0,0004
9558	0,0002
9559	0,0001
9560	0,0002
9561	0,0001
9562	0,0002
9563	0,0004
9564	0,0002
9565	0,0001
9566	0,0002
9567	0,0001
9569	0,0002
9570	0,0001
9571	0,0001
9572	0,0001
9573	0,0001
9574	0,0002
9575	0,0001
9576	0,0001
9577	0,0002
9578	0,0001
9580	0,0002
9582	0,0004
9583	0,0002
9584	0,0001
9585	0,0002
9586	0,0001
9588	0,0002
9589	0,0001
9590	0,0002
9590	0,0004
9591	0,0002
9592	0,0001
9593	0,0002
9594	0,0004
9594	0,0002
9595	0,0001
9596	0,0001
9597	0,0001
9598	0,0002
9599	0,0001
9600	0,0001
9602	0,0001
9604	0,0001
9606	0,0002
9607	0,0001
9608	0,0002
9609	0,0004
9610	0,0002
9612	0,0001
9613	0,0001
9615	0,0001
9616	0,0001
9617	0,0001
9618	0,0001
9619	0,0001
9620	0,0001
9622	0,0001
9623	0,0002
9624	0,0001
9625	0,0002
9626	0,0001
9627	0,0001
9628	0,0001
9629	0,0001
9630	0,0001
9631	0,0001
9632	0,0001
9633	0,0001
9634	0,0001
9635	0,0001
9636	0,0001
9637	0,0001
9638	0,0001
9639	0,0001
9640	0,0001
9641	0,0002
9642	0,0001
9643	0,0001
9644	0,0002
9645	0,0001
9646	0,0001
9647	0,0001
9648	0,0001
9649	0,0001
9650	0,0001
9651	0,0001
9652	0,0001
9653	0,0001
9654	0,0002
9655	0,0001
9656	0,0001
9657	0,0001
9658	0,0002
9659	0,0001
9660	0,0001
9662	0,0002
9663	0,0001
9664	0,0001
9665	0,0001
9666	0,0002
9667	0,0001
9668	0,0001
9669	0,0001
9670	0,0001
9671	0,0001
9672	0,0001
9673	0,0001
9674	0,0001
9675	0,0001
9676	0,0001
9678	0,0001
9680	0,0001
9681	0,0001
9682	0,0002
9683	0,0001
9684	0,0002
9685	0,0001
9686	0,0001
9687	0,0001
9688	0,0001
9689	0,0001
9690	0,0002
9690	0,0001
9691	0,0001
9692	0,0001
9693	0,0001
9694	0,0001
9695	0,0001
9696	0,0001
9697	0,0001
9698	0,0001
9699	0,0001
9700	0,0001
9701	0,0001
9703	0,0001
9704	0,0001
9705	0,0001
9706	0,0001
9707	0,0001
9708	0,0001
9709	0,0001
9710	0,0001
9711	0,0001
9712	0,0001
9713	0,0001
9714	0,0001
9715	0,0001
9716	0,0001
9717	0,0001
9718	0,0001
9719	0,0001
9721	0,0001
9723	0,0001
9724	0,0001
9725	0,0001
9726	0,0002
9727	0,0001
9728	0,0001
9729	0,0001
9730	0,0001
9731	0,0001
9732	0,0001
9733	0,0001
9734	0,0001
9735	0,0001
9736	0,0001
9737	0,0001
9738	0,0001
9739	0,0001
9740	0,0001
9741	0,0001
9742	0,0001
9744	0,0001
9745	0,0001
9746	0,0001
9747	0,0001
9749	0,0001
9750	0,0001
9751	0,0001
9752	0,0001
9753	0,0001
9754	0,0001
9755	0,0001
9756	0,0001
9757	0,0001
9758	0,0001
9759	0,0001
9760	0,0001
9761	0,0001
9762	0,0001
9763	0,0001
9764	0,0001
9765	0,0001
9766	0,0001
9767	0,0001
9768	0,0001
9769	0,0001
9770	0,0001
9771	0,0001
9772	0,0001
9773	0,0001
9774	0,0001
9775	0,0001
9776	0,0001
9777	0,0001
9778	0,0001
9779	0,0001
9780	0,0001
9781	0,0001
9782	0,0001
9783	0,0001
9784	0,0001
9785	0,0001
9786	0,0001
9787	0,0001
9789	0,0001
9790	0,0001
9791	0,0001
9792	0,0001
9793	0,0001
9794	0,0001
9795	0,0001
9796	0,0001
9797	0,0001
9798	0,0001
9799	0,0001
9800	0,0001
9801	0,0001
9802	0,0001
9803	0,0001
9804	0,0001
9805	0,0001
9806	0,0001
9808	0,0001
9809	0,0001
9810	0,0001
9811	0,0001
9812	0,0001
9812	0,0001
9813	0,0001
9814	0,0001
9815	0,0001
9816	0,0001
9817	0,0001
9818	0,0001
9819	0,0001
9820	0,0001
9821	0,0001
9822	0,0001
9823	0,0001
9824	0,0001
9825	0,0001
9827	0,0001
9828	0,0001
9829	0,0001
9830	0,0001
9831	0,0001
9832	0,0001
9833	0,0001
9834	0,0001
9835	0,0001
9836	0,0001
9837	0,0001
9838	0,0001
9839	0,0001
9840	0,0001
9841	0,0001
9843	0,0001
9844	0,0001
9845	0,0001
9846	0,0001
9847	0,0001
9848	0,0001
9849	0,0001
9850	0,0001
9851	0,0001
9852	0,0001
9853	0,0001
9854	0,0001
9855	0,0001
9856	0,0001
9857	0,0001
9858	0,0001
9859	0,0001
9860	0,0001
9861	0,0001
9862	0,0001
9863	0,0001
9864	0,0001
9864	0,0001
9865	0,0001
9866	0,0001
9867	0,0001
9868	0,0001
9869	0,0001
9870	0,0001
9871	0,0001
9872	0,0001
9873	0,0001
9874	0,0001
9875	0,0001
9876	0,0001
9877	0,0001
9878	0,0001
9879	0,0001
9880	0,0001
9881	0,0001
9882	0,0001
9883	0,0001
9884	0,0001
9885	0,0001
9886	0,0001
9887	0,0001
9888	0,0001
9889	0,0001
9890	0,0001
9891	0,0001
9892	0,0001
9893	0,0001
9894	0,0001
9895	0,0001
9896	0,0001
9897	0,0001
9898	0,0001
9899	0,0001
9900	0,0001
9901	0,0001
9902	0,0001
9903	0,0001
9904	0,0001
9905	0,0001
9905	0,0001
9906	0,0001
9907	0,0001
9907	0,0001
9908	0,0001
9909	0,0001
9910	0,0001
9911	0,0001
9912	0,0001
9912	0,0001
9913	0,0001
9914	0,0001
9915	0,0001
9916	0,0001
9917	0,0001
9918	0,0001
9919	0,0001
9920	0,0001
9921	0,0001
9922	0,0001
9923	0,0001
9924	0,0001
9925	0,0001
9926	0,0001
9926	0,0001
9927	0,0001
9928	0,0001
9929	0,0001
9930	0,0001
9931	0,0001
9932	0,0001
9933	0,0001
9934	0,0001
9935	0,0001
9936	0,0001
9937	0,0001
9938	0,0001
9939	0,0001
9940	0,0001
9941	0,0001
9941	0,0001
9941	0,0001
9942	0,0001
9943	0,0001
9944	0,0001
9945	0,0001
9946	0,0001
9947	0,0001
9948	0,0001
9948	0,0001
9948	0,0001
9949	0,0001
9950	0,0001
9951	0,0001
9952	0,0001
9953	0,0001
9954	0,0001
9955	0,0001
9956	0,0001
9956	0,0001
9957	0,0001
9958	0,0001
9959	0,0001
9960	0,0001
9960	0,0001
9961	0,0001
9961	0,0001
9961	0,0001
9962	0,0001
9962	0,0001
9962	0,0001
9963	0,0001
9964	0,0001
9965	0,0001
9966	0,0001
9967	0,0001
9968	0,0001
9969	0,0001
9969	0,0001
9970	0,0001
9970	0,0001
9971	0,0001
9971	0,0001
9971	0,0001
9972	0,0001
9973	0,0001
9973	0,0001
9974	0,0001
9975	0,0001
9976	0,0001
9977	0,0001
9978	0,0001
9978	0,0001
9978	0,0001
9979	0,0001
9979	0,0001
9980	0,0001
9980	0,0001
9981	0,0001
9981	0,0001
9981	0,0001
9981	0,0001
9981	0,0001
9981	0,0001
9982	0,0001
9982	0,0001
9982	0,0001
9982	0,0001
9982	0,0001
9983	0,0001
9983	0,0001
9983	0,0001
9984	0,0001
9984	0,0001
9984	0,0001
9985	0,0001
9986	0,0001
9986	0,0001
9986	0,0001
9986	0,0001
9987	0,0001
9987	0,0001
9987	0,0001
9987	0,0001
9988	0,0001
9989	0,0001
9989	0,0001
9990	0,0001
9990	0,0001
9991	0,0001
9991	0,0001
9991	0,0001
9991	0,0001
9991	0,0001
9991	0,0001
9991	0,0001
9992	0,0001
9992	0,0001
9992	0,0001
9992	0,0001
9992	0,0001
9992	0,0001
9992	0,0001
9992	0,0001
9992	0,0001
9992	0,0001
9992	0,0001
9992	0,0001
9992	0,0001
9992	0,0001
9992	0,0001
9993	0,0001
9993	0,0001
9993	0,0001
9993	0,0001
9993	0,0001
9993	0,0001
9993	0,0001
9993	0,0001
9994	0,0001
9994	0,0001
9994	0,0001
9994	0,0001
9994	0,0001
9994	0,0001
9994	0,0001
9995	0,0001
9995	0,0001
9995	0,0001
9995	0,0001
9995	0,0001
9995	0,0001
9995	0,0001
9995	0,0001
9995	0,0001
9995	0,0001
9995	0,0001
9995	0,0001
9995	0,0001
9995	0,0001
9995	0,0001
9995	0,0001
9995	0,0001
9995	0,0001
9995	0,0001
9995	0,0001
9995	0,0001
9995	0,0001
9995	0,0001
9995	0,0001
9995	0,0001
9995	0,0001
9995	0,0001
9995	0,0001
9995	0,0001
9995	0,0001
9995	0,0001
9995	0,0001
9995	0,0001
9995	0,0001
9996	0,0001
9996	0,0001
9996	0,0001
9996	0,0001
9996	0,0001
9997	0,0001
9997	0,0001
9997	0,0001
9997	0,0001
9997	0,0001
9997	0,0001
9997	0,0001
9997	0,0001
9997	0,0001
9998	0,0001
9998	0,0001
9998	0,0001
9999	0,0001
9999	0,0001
9999	0,0001
9999	0,0001
9999	0,0001
9999	0,0001
9999	0,0001
9999	0,0001
9999	0,0001
9999	0,0001
9999	0,0001
9999	0,0001
9999	0,0001
9999	0,0001
9999	0,0001
9999	0,0001
9999	0,0001
9999	0,0001
9999	0,0001
10000	0,0001
