opl (function - probability):
~  n = 10000  ~  lambda = 400  ~

4962	0,0001
4966	0,0001
4970	0,0001
4974	0,0001
4978	0,0001
4981	0,0001
4984	0,0001
4988	0,0001
4992	0,0001
4996	0,0001
4999	0,0001
5002	0,0001
5005	0,0001
5008	0,0001
5011	0,0001
5015	0,0001
5018	0,0001
5022	0,0001
5026	0,0001
5029	0,0001
5033	0,0001
5038	0,0001
5041	0,0001
5044	0,0001
5047	0,0001
5050	0,0001
5053	0,0001
5056	0,0001
5060	0,0001
5064	0,0001
5067	0,0001
5070	0,0001
5073	0,0001
5077	0,0001
5081	0,0001
5084	0,0001
5087	0,0001
5090	0,0001
5093	0,0001
5097	0,0001
5100	0,0001
5103	0,0001
5107	0,0001
5112	0,0001
5115	0,0001
5119	0,0001
5122	0,0001
5126	0,0001
5130	0,0001
5136	0,0001
5140	0,0001
5144	0,0001
5147	0,0001
5152	0,0001
5155	0,0001
5158	0,0001
5161	0,0001
5165	0,0001
5169	0,0001
5172	0,0001
5175	0,0001
5178	0,0001
5181	0,0001
5184	0,0001
5188	0,0001
5191	0,0001
5194	0,0001
5198	0,0001
5201	0,0001
5204	0,0001
5208	0,0001
5211	0,0001
5214	0,0001
5217	0,0001
5222	0,0001
5225	0,0001
5229	0,0001
5233	0,0001
5236	0,0001
5239	0,0001
5243	0,0001
5247	0,0001
5251	0,0001
5254	0,0001
5258	0,0001
5261	0,0001
5264	0,0001
5267	0,0001
5271	0,0001
5274	0,0001
5277	0,0001
5280	0,0001
5283	0,0001
5287	0,0001
5290	0,0001
5293	0,0001
5297	0,0001
5300	0,0001
5304	0,0001
5307	0,0001
5310	0,0001
5313	0,0001
5316	0,0001
5320	0,0001
5324	0,0001
5328	0,0001
5331	0,0001
5335	0,0001
5340	0,0001
5344	0,0001
5348	0,0001
5351	0,0001
5355	0,0001
5358	0,0001
5362	0,0001
5365	0,0001
5369	0,0001
5372	0,0001
5375	0,0001
5378	0,0001
5381	0,0001
5384	0,0001
5387	0,0001
5391	0,0001
5395	0,0001
5398	0,0001
5401	0,0001
5405	0,0001
5408	0,0001
5411	0,0001
5414	0,0001
5416	0,0001
5419	0,0001
5422	0,0001
5425	0,0001
5428	0,0001
5431	0,0001
5435	0,0001
5438	0,0001
5441	0,0001
5444	0,0001
5447	0,0001
5451	0,0001
5454	0,0001
5458	0,0001
5461	0,0001
5464	0,0001
5467	0,0001
5470	0,0001
5474	0,0001
5477	0,0001
5481	0,0001
5484	0,0001
5487	0,0001
5490	0,0001
5493	0,0001
5496	0,0001
5499	0,0001
5503	0,0001
5507	0,0001
5510	0,0001
5514	0,0001
5517	0,0001
5520	0,0001
5523	0,0001
5527	0,0001
5531	0,0001
5535	0,0001
5539	0,0001
5542	0,0001
5546	0,0001
5550	0,0001
5553	0,0001
5556	0,0001
5559	0,0001
5562	0,0001
5565	0,0001
5569	0,0001
5573	0,0001
5576	0,0001
5579	0,0001
5583	0,0001
5586	0,0001
5589	0,0001
5592	0,0001
5595	0,0001
5599	0,0001
5602	0,0001
5605	0,0001
5608	0,0001
5611	0,0001
5615	0,0001
5619	0,0001
5623	0,0001
5628	0,0001
5631	0,0001
5634	0,0001
5638	0,0001
5643	0,0001
5647	0,0001
5650	0,0001
5653	0,0001
5656	0,0001
5660	0,0001
5663	0,0001
5666	0,0001
5669	0,0001
5672	0,0001
5676	0,0001
5679	0,0001
5682	0,0001
5685	0,0001
5689	0,0001
5693	0,0001
5696	0,0001
5700	0,0001
5703	0,0001
5706	0,0001
5709	0,0001
5712	0,0001
5715	0,0001
5719	0,0001
5722	0,0001
5725	0,0001
5730	0,0001
5733	0,0001
5736	0,0001
5739	0,0001
5742	0,0001
5745	0,0001
5749	0,0001
5752	0,0001
5756	0,0001
5760	0,0001
5763	0,0001
5766	0,0001
5769	0,0001
5772	0,0001
5775	0,0001
5778	0,0001
5781	0,0001
5784	0,0001
5787	0,0001
5790	0,0001
5793	0,0001
5797	0,0001
5800	0,0001
5803	0,0001
5806	0,0001
5810	0,0001
5813	0,0001
5816	0,0001
5820	0,0001
5823	0,0001
5826	0,0001
5830	0,0001
5834	0,0001
5837	0,0001
5840	0,0001
5843	0,0001
5846	0,0001
5850	0,0001
5853	0,0001
5857	0,0001
5861	0,0001
5865	0,0001
5868	0,0001
5871	0,0001
5874	0,0001
5877	0,0001
5880	0,0001
5883	0,0001
5886	0,0001
5890	0,0001
5892	0,0001
5895	0,0001
5898	0,0001
5901	0,0001
5904	0,0001
5907	0,0001
5910	0,0001
5913	0,0001
5916	0,0001
5920	0,0001
5923	0,0001
5926	0,0001
5929	0,0001
5932	0,0001
5935	0,0001
5938	0,0001
5941	0,0001
5944	0,0001
5948	0,0001
5951	0,0001
5955	0,0001
5958	0,0001
5960	0,0001
5963	0,0001
5966	0,0001
5969	0,0001
5972	0,0001
5976	0,0001
5979	0,0001
5982	0,0001
5985	0,0001
5988	0,0001
5991	0,0001
5996	0,0001
6000	0,0001
6004	0,0001
6007	0,0001
6010	0,0001
6013	0,0001
6017	0,0001
6021	0,0001
6023	0,0001
6026	0,0001
6029	0,0001
6032	0,0001
6035	0,0001
6037	0,0001
6040	0,0001
6043	0,0001
6046	0,0001
6049	0,0001
6052	0,0001
6055	0,0001
6058	0,0001
6060	0,0001
6063	0,0001
6066	0,0001
6069	0,0001
6072	0,0001
6075	0,0001
6078	0,0001
6082	0,0001
6085	0,0001
6088	0,0001
6091	0,0001
6095	0,0001
6099	0,0001
6102	0,0001
6105	0,0001
6108	0,0001
6112	0,0001
6115	0,0001
6118	0,0001
6123	0,0001
6126	0,0001
6128	0,0001
6131	0,0001
6134	0,0001
6138	0,0001
6140	0,0001
6143	0,0001
6145	0,0001
6149	0,0001
6152	0,0001
6155	0,0001
6158	0,0001
6161	0,0001
6164	0,0001
6167	0,0001
6170	0,0001
6173	0,0001
6176	0,0001
6179	0,0001
6182	0,0001
6186	0,0001
6188	0,0001
6191	0,0001
6194	0,0001
6198	0,0001
6201	0,0001
6205	0,0001
6209	0,0001
6212	0,0001
6215	0,0001
6218	0,0001
6221	0,0001
6227	0,0001
6230	0,0001
6233	0,0001
6236	0,0001
6239	0,0001
6243	0,0001
6246	0,0001
6249	0,0001
6252	0,0001
6255	0,0001
6259	0,0001
6262	0,0001
6267	0,0001
6269	0,0001
6272	0,0001
6276	0,0001
6279	0,0001
6282	0,0001
6285	0,0001
6288	0,0001
6291	0,0001
6294	0,0001
6297	0,0001
6299	0,0001
6302	0,0001
6305	0,0001
6308	0,0001
6310	0,0001
6314	0,0001
6317	0,0001
6322	0,0001
6324	0,0001
6327	0,0001
6332	0,0001
6335	0,0001
6340	0,0001
6343	0,0001
6346	0,0001
6349	0,0001
6351	0,0001
6354	0,0001
6358	0,0001
6360	0,0001
6364	0,0001
6367	0,0001
6369	0,0001
6373	0,0001
6376	0,0001
6380	0,0001
6383	0,0001
6386	0,0001
6389	0,0001
6392	0,0001
6396	0,0001
6398	0,0001
6402	0,0001
6405	0,0001
6408	0,0001
6412	0,0001
6414	0,0001
6417	0,0001
6420	0,0001
6423	0,0001
6425	0,0001
6428	0,0001
6431	0,0001
6435	0,0001
6437	0,0001
6439	0,0001
6442	0,0001
6446	0,0001
6450	0,0001
6452	0,0001
6455	0,0001
6458	0,0001
6461	0,0001
6464	0,0001
6468	0,0001
6471	0,0001
6475	0,0001
6478	0,0001
6480	0,0001
6483	0,0001
6485	0,0001
6488	0,0001
6492	0,0001
6494	0,0001
6497	0,0001
6500	0,0001
6503	0,0001
6505	0,0001
6509	0,0001
6511	0,0001
6514	0,0001
6517	0,0001
6520	0,0001
6523	0,0001
6526	0,0001
6528	0,0001
6531	0,0001
6534	0,0001
6536	0,0001
6539	0,0001
6542	0,0001
6545	0,0001
6549	0,0001
6552	0,0001
6555	0,0001
6558	0,0001
6561	0,0001
6564	0,0001
6567	0,0001
6570	0,0001
6573	0,0001
6577	0,0001
6580	0,0001
6583	0,0001
6586	0,0001
6589	0,0001
6593	0,0001
6596	0,0001
6598	0,0001
6601	0,0001
6604	0,0001
6607	0,0001
6610	0,0001
6612	0,0001
6615	0,0001
6619	0,0001
6622	0,0001
6625	0,0001
6628	0,0001
6630	0,0001
6633	0,0001
6636	0,0001
6639	0,0001
6641	0,0001
6644	0,0001
6647	0,0001
6649	0,0001
6651	0,0001
6653	0,0001
6656	0,0001
6660	0,0001
6663	0,0001
6666	0,0001
6670	0,0001
6673	0,0001
6676	0,0001
6679	0,0001
6681	0,0001
6684	0,0001
6688	0,0001
6692	0,0001
6695	0,0001
6698	0,0001
6701	0,0001
6705	0,0001
6708	0,0001
6711	0,0001
6714	0,0001
6716	0,0001
6720	0,0001
6724	0,0001
6727	0,0001
6729	0,0001
6732	0,0001
6734	0,0001
6737	0,0001
6740	0,0001
6743	0,0001
6747	0,0001
6750	0,0001
6753	0,0001
6756	0,0001
6759	0,0001
6762	0,0001
6764	0,0001
6767	0,0001
6770	0,0001
6773	0,0001
6776	0,0001
6778	0,0001
6781	0,0001
6784	0,0001
6786	0,0001
6789	0,0001
6792	0,0001
6795	0,0001
6798	0,0001
6800	0,0001
6803	0,0001
6806	0,0001
6810	0,0001
6812	0,0001
6815	0,0001
6818	0,0001
6821	0,0001
6824	0,0001
6827	0,0001
6829	0,0001
6832	0,0001
6834	0,0001
6836	0,0001
6839	0,0001
6842	0,0001
6845	0,0001
6847	0,0001
6850	0,0001
6853	0,0001
6857	0,0001
6860	0,0001
6864	0,0001
6867	0,0001
6870	0,0001
6873	0,0001
6875	0,0001
6877	0,0001
6880	0,0001
6884	0,0001
6887	0,0001
6890	0,0001
6893	0,0001
6896	0,0001
6898	0,0001
6901	0,0001
6904	0,0001
6907	0,0001
6910	0,0001
6912	0,0001
6915	0,0001
6917	0,0001
6920	0,0001
6922	0,0001
6924	0,0001
6927	0,0001
6929	0,0001
6932	0,0001
6935	0,0001
6938	0,0001
6941	0,0001
6943	0,0001
6946	0,0001
6948	0,0001
6951	0,0001
6954	0,0001
6956	0,0001
6958	0,0001
6961	0,0001
6963	0,0001
6967	0,0001
6970	0,0001
6972	0,0001
6975	0,0001
6978	0,0001
6981	0,0001
6984	0,0001
6987	0,0001
6989	0,0001
6991	0,0001
6994	0,0001
6998	0,0001
7001	0,0001
7004	0,0001
7007	0,0001
7010	0,0001
7013	0,0001
7016	0,0001
7018	0,0001
7021	0,0001
7023	0,0001
7026	0,0001
7028	0,0001
7032	0,0001
7035	0,0001
7037	0,0001
7041	0,0001
7044	0,0001
7047	0,0001
7050	0,0001
7053	0,0001
7056	0,0001
7059	0,0001
7062	0,0001
7064	0,0001
7067	0,0001
7069	0,0001
7071	0,0001
7073	0,0001
7076	0,0001
7079	0,0001
7081	0,0001
7083	0,0001
7086	0,0001
7088	0,0001
7090	0,0001
7093	0,0001
7096	0,0001
7099	0,0001
7102	0,0001
7105	0,0001
7107	0,0001
7109	0,0001
7113	0,0001
7116	0,0001
7119	0,0001
7122	0,0001
7125	0,0001
7128	0,0001
7130	0,0001
7132	0,0001
7135	0,0001
7139	0,0001
7141	0,0001
7144	0,0001
7148	0,0001
7151	0,0001
7153	0,0001
7155	0,0001
7158	0,0001
7161	0,0001
7163	0,0001
7166	0,0001
7168	0,0001
7171	0,0001
7174	0,0001
7176	0,0001
7179	0,0001
7182	0,0001
7185	0,0001
7188	0,0001
7190	0,0001
7193	0,0001
7196	0,0001
7198	0,0001
7201	0,0001
7203	0,0001
7206	0,0001
7208	0,0001
7210	0,0001
7213	0,0001
7216	0,0001
7219	0,0001
7222	0,0001
7225	0,0001
7228	0,0001
7231	0,0001
7233	0,0001
7235	0,0001
7238	0,0001
7241	0,0001
7245	0,0001
7248	0,0001
7250	0,0001
7252	0,0001
7255	0,0001
7257	0,0001
7259	0,0001
7261	0,0001
7263	0,0001
7266	0,0001
7269	0,0001
7272	0,0001
7274	0,0001
7277	0,0001
7280	0,0001
7283	0,0001
7286	0,0001
7288	0,0001
7291	0,0001
7294	0,0001
7297	0,0001
7300	0,0001
7304	0,0001
7306	0,0001
7309	0,0001
7312	0,0001
7315	0,0001
7319	0,0001
7321	0,0001
7324	0,0001
7327	0,0001
7330	0,0001
7332	0,0001
7335	0,0001
7339	0,0001
7342	0,0001
7345	0,0001
7347	0,0001
7350	0,0001
7352	0,0001
7355	0,0001
7357	0,0001
7359	0,0001
7363	0,0001
7366	0,0001
7369	0,0001
7372	0,0001
7374	0,0001
7377	0,0001
7379	0,0001
7382	0,0001
7385	0,0001
7387	0,0001
7389	0,0001
7391	0,0001
7394	0,0001
7396	0,0001
7398	0,0001
7400	0,0001
7402	0,0001
7405	0,0001
7407	0,0001
7409	0,0001
7411	0,0001
7414	0,0001
7417	0,0001
7420	0,0001
7422	0,0001
7424	0,0001
7426	0,0001
7428	0,0001
7430	0,0001
7433	0,0001
7436	0,0001
7438	0,0001
7441	0,0001
7444	0,0001
7447	0,0001
7450	0,0001
7453	0,0001
7456	0,0001
7459	0,0001
7461	0,0001
7464	0,0001
7466	0,0001
7469	0,0001
7472	0,0001
7474	0,0001
7476	0,0001
7478	0,0001
7480	0,0001
7483	0,0001
7485	0,0001
7488	0,0001
7491	0,0001
7494	0,0001
7497	0,0001
7500	0,0001
7502	0,0001
7505	0,0001
7508	0,0001
7511	0,0001
7513	0,0001
7516	0,0001
7519	0,0001
7522	0,0001
7524	0,0001
7526	0,0001
7528	0,0001
7530	0,0001
7533	0,0001
7535	0,0001
7537	0,0001
7539	0,0001
7542	0,0001
7545	0,0001
7548	0,0001
7551	0,0001
7554	0,0001
7557	0,0001
7559	0,0001
7563	0,0001
7565	0,0001
7567	0,0001
7570	0,0001
7572	0,0001
7575	0,0001
7577	0,0001
7579	0,0001
7582	0,0001
7584	0,0001
7586	0,0001
7589	0,0001
7591	0,0001
7593	0,0001
7595	0,0001
7598	0,0001
7600	0,0001
7602	0,0001
7605	0,0001
7607	0,0001
7609	0,0001
7612	0,0001
7615	0,0001
7617	0,0001
7619	0,0001
7622	0,0001
7625	0,0001
7627	0,0001
7630	0,0001
7633	0,0001
7635	0,0001
7637	0,0001
7640	0,0001
7643	0,0001
7645	0,0001
7648	0,0001
7650	0,0001
7652	0,0001
7654	0,0001
7656	0,0001
7659	0,0001
7663	0,0001
7666	0,0001
7668	0,0001
7670	0,0001
7674	0,0001
7676	0,0001
7679	0,0001
7682	0,0001
7685	0,0001
7687	0,0001
7689	0,0001
7691	0,0001
7693	0,0001
7696	0,0001
7698	0,0001
7701	0,0001
7703	0,0001
7706	0,0001
7709	0,0001
7711	0,0001
7714	0,0001
7717	0,0001
7719	0,0001
7722	0,0001
7724	0,0001
7726	0,0001
7729	0,0001
7732	0,0001
7735	0,0001
7738	0,0001
7742	0,0001
7744	0,0001
7746	0,0001
7748	0,0001
7751	0,0001
7753	0,0001
7756	0,0001
7759	0,0001
7761	0,0001
7764	0,0001
7766	0,0001
7769	0,0001
7771	0,0001
7773	0,0001
7776	0,0001
7780	0,0001
7782	0,0001
7785	0,0001
7787	0,0001
7789	0,0001
7791	0,0001
7793	0,0001
7796	0,0001
7799	0,0001
7801	0,0001
7804	0,0001
7806	0,0001
7809	0,0001
7812	0,0001
7815	0,0001
7818	0,0001
7820	0,0001
7824	0,0001
7826	0,0001
7828	0,0001
7830	0,0001
7832	0,0001
7834	0,0001
7836	0,0001
7838	0,0001
7840	0,0001
7843	0,0001
7845	0,0001
7847	0,0001
7850	0,0001
7852	0,0001
7855	0,0001
7857	0,0001
7860	0,0001
7863	0,0001
7865	0,0001
7869	0,0001
7872	0,0001
7875	0,0001
7877	0,0001
7879	0,0001
7882	0,0001
7884	0,0001
7886	0,0001
7888	0,0001
7890	0,0001
7892	0,0001
7894	0,0001
7896	0,0001
7899	0,0001
7901	0,0001
7905	0,0001
7908	0,0001
7910	0,0001
7912	0,0001
7915	0,0001
7918	0,0001
7920	0,0001
7922	0,0001
7925	0,0001
7927	0,0001
7930	0,0001
7932	0,0001
7934	0,0001
7936	0,0001
7938	0,0001
7940	0,0001
7942	0,0001
7945	0,0001
7947	0,0001
7950	0,0001
7952	0,0001
7955	0,0001
7957	0,0001
7959	0,0001
7961	0,0001
7963	0,0001
7966	0,0001
7968	0,0001
7970	0,0001
7973	0,0001
7975	0,0001
7978	0,0001
7980	0,0001
7982	0,0001
7984	0,0001
7986	0,0001
7988	0,0001
7990	0,0001
7993	0,0001
7995	0,0001
7998	0,0001
8000	0,0001
8002	0,0001
8004	0,0001
8006	0,0001
8009	0,0001
8012	0,0001
8015	0,0001
8017	0,0001
8019	0,0001
8021	0,0001
8023	0,0001
8025	0,0001
8028	0,0001
8031	0,0001
8034	0,0001
8036	0,0001
8039	0,0001
8041	0,0001
8043	0,0001
8045	0,0001
8047	0,0001
8050	0,0001
8052	0,0001
8054	0,0001
8056	0,0001
8058	0,0001
8060	0,0001
8063	0,0001
8065	0,0001
8067	0,0001
8069	0,0001
8072	0,0001
8074	0,0001
8076	0,0001
8079	0,0001
8082	0,0001
8084	0,0001
8086	0,0001
8089	0,0001
8092	0,0001
8094	0,0001
8096	0,0001
8097	0,0001
8100	0,0001
8102	0,0001
8104	0,0001
8107	0,0001
8109	0,0001
8112	0,0001
8114	0,0001
8116	0,0001
8119	0,0001
8121	0,0001
8123	0,0001
8125	0,0001
8127	0,0001
8129	0,0001
8132	0,0001
8134	0,0001
8136	0,0001
8138	0,0001
8141	0,0001
8143	0,0001
8146	0,0001
8148	0,0001
8150	0,0001
8153	0,0001
8155	0,0001
8157	0,0001
8160	0,0001
8162	0,0001
8164	0,0001
8166	0,0001
8168	0,0001
8170	0,0001
8173	0,0001
8175	0,0001
8177	0,0001
8179	0,0001
8180	0,0001
8183	0,0001
8185	0,0001
8187	0,0001
8189	0,0001
8191	0,0001
8194	0,0001
8197	0,0001
8199	0,0001
8201	0,0001
8203	0,0001
8205	0,0001
8208	0,0001
8211	0,0001
8213	0,0001
8215	0,0001
8217	0,0001
8219	0,0001
8221	0,0001
8224	0,0001
8226	0,0001
8228	0,0001
8229	0,0001
8231	0,0001
8234	0,0001
8236	0,0001
8238	0,0001
8240	0,0001
8242	0,0001
8245	0,0001
8247	0,0001
8249	0,0001
8251	0,0001
8253	0,0001
8256	0,0001
8258	0,0001
8261	0,0001
8263	0,0001
8265	0,0001
8268	0,0001
8270	0,0001
8272	0,0001
8274	0,0001
8276	0,0001
8278	0,0001
8281	0,0001
8283	0,0001
8285	0,0001
8287	0,0001
8289	0,0001
8291	0,0001
8293	0,0001
8295	0,0001
8297	0,0001
8299	0,0001
8301	0,0001
8303	0,0001
8305	0,0001
8307	0,0001
8309	0,0001
8311	0,0001
8313	0,0001
8316	0,0001
8318	0,0001
8320	0,0001
8322	0,0001
8324	0,0001
8326	0,0001
8328	0,0001
8331	0,0001
8333	0,0001
8335	0,0001
8337	0,0001
8339	0,0001
8341	0,0001
8343	0,0001
8345	0,0001
8347	0,0001
8349	0,0001
8351	0,0001
8353	0,0001
8356	0,0001
8358	0,0001
8360	0,0001
8362	0,0001
8364	0,0001
8366	0,0001
8368	0,0001
8370	0,0001
8372	0,0001
8374	0,0001
8376	0,0001
8378	0,0001
8381	0,0001
8383	0,0001
8386	0,0001
8388	0,0001
8390	0,0001
8392	0,0001
8394	0,0001
8397	0,0001
8399	0,0001
8401	0,0001
8403	0,0001
8405	0,0001
8407	0,0001
8409	0,0001
8411	0,0001
8413	0,0001
8415	0,0001
8416	0,0001
8419	0,0001
8421	0,0001
8423	0,0001
8425	0,0001
8427	0,0001
8428	0,0001
8431	0,0001
8434	0,0001
8436	0,0001
8439	0,0001
8441	0,0001
8443	0,0001
8444	0,0001
8446	0,0001
8448	0,0001
8450	0,0001
8452	0,0001
8455	0,0001
8457	0,0001
8459	0,0001
8461	0,0001
8463	0,0001
8465	0,0001
8467	0,0001
8469	0,0001
8471	0,0001
8473	0,0001
8475	0,0001
8477	0,0001
8480	0,0001
8482	0,0001
8484	0,0001
8486	0,0001
8488	0,0001
8490	0,0001
8492	0,0001
8494	0,0001
8496	0,0001
8498	0,0001
8500	0,0001
8502	0,0001
8504	0,0001
8506	0,0001
8508	0,0001
8510	0,0001
8512	0,0001
8514	0,0001
8516	0,0001
8518	0,0001
8520	0,0001
8522	0,0001
8525	0,0001
8528	0,0001
8530	0,0001
8532	0,0001
8533	0,0001
8535	0,0001
8537	0,0001
8539	0,0001
8541	0,0001
8543	0,0001
8545	0,0001
8547	0,0001
8550	0,0001
8553	0,0001
8555	0,0001
8557	0,0001
8559	0,0001
8562	0,0001
8564	0,0001
8567	0,0001
8568	0,0001
8570	0,0001
8572	0,0001
8574	0,0001
8577	0,0001
8579	0,0001
8581	0,0001
8583	0,0001
8585	0,0001
8587	0,0001
8589	0,0001
8591	0,0001
8593	0,0001
8595	0,0001
8596	0,0001
8598	0,0001
8600	0,0001
8602	0,0001
8605	0,0001
8607	0,0001
8609	0,0001
8611	0,0001
8613	0,0001
8614	0,0001
8616	0,0001
8618	0,0001
8620	0,0001
8621	0,0001
8622	0,0001
8624	0,0001
8626	0,0001
8627	0,0001
8629	0,0001
8631	0,0001
8633	0,0001
8636	0,0001
8637	0,0001
8639	0,0001
8642	0,0001
8644	0,0001
8646	0,0001
8648	0,0001
8650	0,0001
8652	0,0001
8654	0,0001
8656	0,0001
8658	0,0001
8660	0,0001
8662	0,0001
8664	0,0001
8666	0,0001
8668	0,0001
8670	0,0001
8672	0,0001
8674	0,0001
8676	0,0001
8678	0,0001
8679	0,0001
8681	0,0001
8683	0,0001
8685	0,0001
8687	0,0001
8689	0,0001
8691	0,0001
8693	0,0001
8695	0,0001
8698	0,0001
8700	0,0001
8702	0,0001
8704	0,0001
8706	0,0001
8708	0,0001
8711	0,0001
8713	0,0001
8715	0,0001
8717	0,0001
8718	0,0001
8720	0,0001
8722	0,0001
8726	0,0001
8728	0,0001
8730	0,0001
8732	0,0001
8734	0,0001
8736	0,0001
8738	0,0001
8739	0,0001
8741	0,0001
8743	0,0001
8744	0,0001
8746	0,0001
8748	0,0001
8750	0,0001
8752	0,0001
8755	0,0001
8758	0,0001
8761	0,0001
8763	0,0001
8764	0,0001
8765	0,0001
8767	0,0001
8769	0,0001
8771	0,0001
8773	0,0001
8775	0,0001
8777	0,0001
8779	0,0001
8781	0,0001
8782	0,0001
8784	0,0001
8786	0,0001
8787	0,0001
8789	0,0001
8791	0,0001
8793	0,0001
8795	0,0001
8797	0,0001
8799	0,0001
8800	0,0001
8802	0,0001
8804	0,0001
8806	0,0001
8808	0,0001
8810	0,0001
8812	0,0001
8814	0,0001
8816	0,0001
8818	0,0001
8820	0,0001
8822	0,0001
8824	0,0001
8826	0,0001
8828	0,0001
8829	0,0001
8830	0,0001
8832	0,0001
8834	0,0001
8836	0,0001
8838	0,0001
8840	0,0001
8842	0,0001
8843	0,0001
8845	0,0001
8847	0,0001
8849	0,0001
8851	0,0001
8853	0,0001
8856	0,0001
8858	0,0001
8860	0,0001
8862	0,0001
8863	0,0001
8865	0,0001
8867	0,0001
8869	0,0001
8871	0,0001
8873	0,0001
8875	0,0001
8877	0,0001
8878	0,0001
8879	0,0001
8880	0,0001
8882	0,0001
8883	0,0001
8884	0,0001
8886	0,0001
8888	0,0001
8889	0,0001
8890	0,0001
8892	0,0001
8893	0,0001
8894	0,0001
8896	0,0001
8898	0,0001
8900	0,0001
8901	0,0001
8903	0,0001
8904	0,0001
8906	0,0001
8908	0,0001
8910	0,0001
8912	0,0001
8913	0,0001
8916	0,0001
8918	0,0001
8919	0,0001
8920	0,0001
8922	0,0001
8924	0,0001
8925	0,0001
8926	0,0001
8928	0,0001
8930	0,0001
8931	0,0001
8933	0,0001
8935	0,0001
8937	0,0001
8939	0,0001
8941	0,0001
8943	0,0001
8945	0,0001
8947	0,0001
8949	0,0001
8951	0,0001
8952	0,0001
8954	0,0001
8956	0,0001
8958	0,0001
8960	0,0001
8962	0,0001
8963	0,0001
8964	0,0001
8966	0,0001
8968	0,0001
8969	0,0001
8971	0,0001
8973	0,0001
8975	0,0001
8977	0,0001
8979	0,0001
8981	0,0001
8982	0,0001
8985	0,0001
8987	0,0001
8989	0,0001
8991	0,0001
8992	0,0001
8994	0,0001
8995	0,0001
8996	0,0001
8999	0,0001
9001	0,0001
9002	0,0001
9004	0,0001
9005	0,0001
9007	0,0001
9009	0,0001
9011	0,0001
9013	0,0001
9015	0,0001
9017	0,0001
9019	0,0001
9021	0,0001
9023	0,0001
9025	0,0001
9027	0,0001
9029	0,0001
9031	0,0001
9033	0,0001
9035	0,0001
9037	0,0001
9038	0,0001
9040	0,0001
9041	0,0001
9043	0,0001
9045	0,0001
9047	0,0001
9049	0,0001
9051	0,0001
9054	0,0001
9055	0,0001
9057	0,0001
9059	0,0001
9061	0,0001
9063	0,0001
9065	0,0001
9066	0,0001
9068	0,0001
9069	0,0001
9071	0,0001
9073	0,0001
9075	0,0001
9077	0,0001
9079	0,0001
9081	0,0001
9082	0,0001
9084	0,0001
9085	0,0001
9086	0,0001
9088	0,0001
9089	0,0001
9091	0,0001
9092	0,0001
9094	0,0001
9096	0,0001
9098	0,0001
9100	0,0001
9102	0,0001
9103	0,0001
9105	0,0001
9107	0,0001
9109	0,0001
9110	0,0001
9111	0,0001
9113	0,0001
9115	0,0001
9116	0,0001
9117	0,0001
9119	0,0001
9121	0,0001
9123	0,0001
9124	0,0001
9125	0,0001
9126	0,0001
9128	0,0001
9130	0,0001
9131	0,0001
9132	0,0001
9133	0,0001
9135	0,0001
9136	0,0001
9137	0,0001
9138	0,0001
9140	0,0001
9142	0,0001
9144	0,0001
9146	0,0001
9147	0,0001
9149	0,0001
9150	0,0001
9151	0,0001
9152	0,0001
9153	0,0001
9155	0,0001
9157	0,0001
9158	0,0001
9159	0,0001
9161	0,0001
9163	0,0001
9165	0,0001
9167	0,0001
9169	0,0001
9171	0,0001
9172	0,0001
9174	0,0001
9175	0,0001
9176	0,0001
9178	0,0001
9180	0,0001
9182	0,0001
9184	0,0001
9186	0,0001
9188	0,0001
9189	0,0001
9191	0,0001
9192	0,0001
9193	0,0001
9195	0,0001
9197	0,0001
9198	0,0001
9199	0,0001
9201	0,0001
9203	0,0001
9205	0,0001
9207	0,0001
9208	0,0001
9209	0,0001
9211	0,0001
9212	0,0001
9213	0,0001
9215	0,0001
9217	0,0001
9219	0,0001
9220	0,0001
9222	0,0001
9223	0,0001
9224	0,0001
9225	0,0001
9226	0,0001
9228	0,0001
9230	0,0001
9231	0,0001
9233	0,0001
9235	0,0001
9237	0,0001
9239	0,0001
9241	0,0001
9242	0,0001
9243	0,0001
9246	0,0001
9248	0,0001
9250	0,0001
9252	0,0001
9253	0,0001
9256	0,0001
9258	0,0001
9259	0,0001
9260	0,0001
9261	0,0001
9262	0,0001
9264	0,0001
9265	0,0001
9267	0,0001
9269	0,0001
9271	0,0001
9273	0,0001
9275	0,0001
9276	0,0001
9277	0,0001
9279	0,0001
9281	0,0001
9283	0,0001
9284	0,0001
9285	0,0001
9286	0,0001
9287	0,0001
9288	0,0001
9289	0,0001
9290	0,0001
9291	0,0001
9293	0,0001
9294	0,0001
9296	0,0001
9297	0,0001
9299	0,0001
9301	0,0001
9302	0,0001
9304	0,0001
9306	0,0001
9308	0,0001
9309	0,0001
9311	0,0001
9312	0,0001
9313	0,0001
9314	0,0001
9315	0,0001
9316	0,0001
9318	0,0001
9319	0,0001
9320	0,0001
9322	0,0001
9324	0,0001
9325	0,0001
9326	0,0001
9327	0,0001
9329	0,0001
9330	0,0001
9332	0,0001
9333	0,0001
9335	0,0001
9336	0,0001
9337	0,0001
9338	0,0001
9340	0,0001
9341	0,0001
9343	0,0001
9344	0,0001
9345	0,0001
9347	0,0001
9349	0,0001
9351	0,0001
9352	0,0001
9353	0,0001
9354	0,0001
9356	0,0001
9357	0,0001
9358	0,0001
9359	0,0001
9360	0,0001
9361	0,0001
9363	0,0001
9364	0,0001
9365	0,0001
9366	0,0001
9367	0,0001
9368	0,0001
9369	0,0001
9370	0,0001
9371	0,0001
9372	0,0001
9373	0,0001
9374	0,0001
9375	0,0001
9377	0,0001
9378	0,0001
9379	0,0001
9380	0,0001
9381	0,0001
9383	0,0001
9384	0,0001
9386	0,0001
9387	0,0001
9388	0,0001
9389	0,0001
9391	0,0001
9392	0,0001
9394	0,0001
9396	0,0001
9398	0,0001
9400	0,0001
9401	0,0001
9403	0,0001
9405	0,0001
9406	0,0001
9408	0,0001
9410	0,0001
9411	0,0001
9412	0,0001
9413	0,0001
9414	0,0001
9416	0,0001
9418	0,0001
9420	0,0001
9421	0,0001
9422	0,0001
9423	0,0001
9424	0,0001
9425	0,0001
9426	0,0001
9427	0,0001
9428	0,0001
9430	0,0001
9432	0,0001
9433	0,0001
9434	0,0001
9435	0,0001
9436	0,0001
9437	0,0001
9439	0,0001
9441	0,0001
9442	0,0001
9444	0,0001
9445	0,0001
9447	0,0001
9448	0,0001
9450	0,0001
9452	0,0001
9453	0,0001
9454	0,0001
9455	0,0001
9457	0,0001
9459	0,0001
9460	0,0001
9462	0,0001
9463	0,0001
9464	0,0001
9465	0,0001
9467	0,0001
9468	0,0001
9469	0,0001
9470	0,0001
9472	0,0001
9473	0,0001
9474	0,0001
9475	0,0001
9477	0,0001
9478	0,0001
9480	0,0001
9481	0,0001
9482	0,0001
9484	0,0001
9486	0,0001
9488	0,0001
9490	0,0001
9491	0,0001
9492	0,0001
9494	0,0001
9495	0,0001
9497	0,0001
9498	0,0001
9499	0,0001
9500	0,0001
9501	0,0001
9502	0,0001
9503	0,0001
9505	0,0001
9506	0,0001
9507	0,0001
9508	0,0001
9509	0,0001
9510	0,0001
9512	0,0001
9513	0,0001
9514	0,0001
9515	0,0001
9516	0,0001
9517	0,0001
9518	0,0001
9520	0,0001
9521	0,0001
9522	0,0001
9523	0,0001
9525	0,0001
9526	0,0001
9527	0,0001
9528	0,0001
9529	0,0001
9530	0,0001
9531	0,0001
9532	0,0001
9533	0,0001
9534	0,0001
9535	0,0001
9536	0,0001
9538	0,0001
9539	0,0001
9541	0,0001
9542	0,0001
9544	0,0001
9546	0,0001
9547	0,0001
9548	0,0001
9549	0,0001
9550	0,0001
9551	0,0001
9552	0,0001
9553	0,0001
9555	0,0001
9556	0,0001
9558	0,0001
9559	0,0001
9560	0,0001
9561	0,0001
9562	0,0001
9563	0,0001
9564	0,0001
9565	0,0001
9566	0,0001
9567	0,0001
9568	0,0001
9569	0,0001
9570	0,0001
9571	0,0001
9572	0,0001
9573	0,0001
9574	0,0001
9576	0,0001
9577	0,0001
9578	0,0001
9579	0,0001
9580	0,0001
9581	0,0001
9582	0,0001
9583	0,0001
9584	0,0001
9585	0,0001
9586	0,0001
9587	0,0001
9588	0,0001
9589	0,0001
9590	0,0001
9592	0,0001
9593	0,0001
9595	0,0001
9596	0,0001
9598	0,0001
9599	0,0001
9600	0,0001
9601	0,0001
9602	0,0001
9603	0,0001
9604	0,0001
9605	0,0001
9606	0,0001
9608	0,0001
9610	0,0001
9611	0,0001
9612	0,0001
9614	0,0001
9615	0,0001
9616	0,0001
9617	0,0001
9618	0,0001
9619	0,0001
9620	0,0001
9621	0,0001
9622	0,0001
9623	0,0001
9624	0,0001
9625	0,0001
9626	0,0001
9627	0,0001
9628	0,0001
9629	0,0001
9630	0,0001
9631	0,0001
9632	0,0001
9634	0,0001
9635	0,0001
9636	0,0001
9637	0,0001
9638	0,0001
9639	0,0001
9640	0,0001
9641	0,0001
9642	0,0001
9643	0,0001
9644	0,0001
9645	0,0001
9646	0,0001
9648	0,0001
9649	0,0001
9651	0,0001
9652	0,0001
9653	0,0001
9654	0,0001
9655	0,0001
9656	0,0001
9657	0,0001
9658	0,0001
9659	0,0001
9660	0,0001
9661	0,0001
9662	0,0001
9663	0,0001
9665	0,0001
9666	0,0001
9667	0,0001
9668	0,0001
9669	0,0001
9670	0,0001
9672	0,0001
9673	0,0001
9674	0,0001
9675	0,0001
9676	0,0001
9677	0,0001
9679	0,0001
9680	0,0001
9681	0,0001
9682	0,0001
9684	0,0001
9685	0,0001
9686	0,0001
9687	0,0001
9688	0,0001
9689	0,0001
9690	0,0001
9691	0,0001
9693	0,0001
9694	0,0001
9695	0,0001
9696	0,0001
9697	0,0001
9698	0,0001
9699	0,0001
9700	0,0001
9701	0,0001
9702	0,0001
9703	0,0001
9704	0,0001
9705	0,0001
9706	0,0001
9707	0,0001
9708	0,0001
9709	0,0001
9710	0,0001
9711	0,0001
9712	0,0001
9713	0,0001
9714	0,0001
9715	0,0001
9716	0,0001
9718	0,0001
9719	0,0001
9720	0,0001
9721	0,0001
9722	0,0001
9724	0,0001
9725	0,0001
9727	0,0001
9728	0,0001
9730	0,0001
9731	0,0001
9732	0,0001
9733	0,0001
9734	0,0001
9736	0,0001
9737	0,0001
9738	0,0001
9739	0,0001
9740	0,0001
9741	0,0001
9742	0,0001
9743	0,0001
9744	0,0001
9745	0,0001
9746	0,0001
9748	0,0001
9749	0,0001
9750	0,0001
9751	0,0001
9752	0,0001
9753	0,0001
9754	0,0001
9755	0,0001
9756	0,0001
9757	0,0001
9758	0,0001
9759	0,0001
9760	0,0001
9761	0,0001
9762	0,0001
9763	0,0001
9764	0,0001
9765	0,0001
9766	0,0001
9767	0,0001
9768	0,0001
9769	0,0001
9770	0,0001
9771	0,0001
9772	0,0001
9773	0,0001
9774	0,0001
9775	0,0001
9776	0,0001
9777	0,0001
9778	0,0001
9779	0,0001
9780	0,0001
9781	0,0001
9782	0,0001
9783	0,0001
9784	0,0001
9785	0,0001
9786	0,0001
9787	0,0001
9788	0,0001
9789	0,0001
9790	0,0001
9791	0,0001
9792	0,0001
9793	0,0001
9794	0,0001
9795	0,0001
9796	0,0001
9797	0,0001
9798	0,0001
9799	0,0001
9800	0,0001
9801	0,0001
9802	0,0001
9803	0,0001
9804	0,0001
9805	0,0001
9806	0,0001
9807	0,0001
9808	0,0001
9809	0,0001
9810	0,0001
9811	0,0001
9812	0,0001
9813	0,0001
9814	0,0001
9815	0,0001
9816	0,0001
9817	0,0001
9818	0,0001
9819	0,0001
9820	0,0001
9821	0,0001
9822	0,0001
9823	0,0001
9824	0,0001
9825	0,0001
9826	0,0001
9827	0,0001
9828	0,0001
9829	0,0001
9830	0,0001
9831	0,0001
9832	0,0001
9833	0,0001
9833	0,0001
9834	0,0001
9835	0,0001
9836	0,0001
9837	0,0001
9838	0,0001
9839	0,0001
9840	0,0001
9841	0,0001
9842	0,0001
9843	0,0001
9844	0,0001
9846	0,0001
9847	0,0001
9848	0,0001
9849	0,0001
9849	0,0001
9850	0,0001
9852	0,0001
9853	0,0001
9854	0,0001
9855	0,0001
9856	0,0001
9857	0,0001
9858	0,0001
9859	0,0001
9860	0,0001
9861	0,0001
9862	0,0001
9864	0,0001
9865	0,0001
9866	0,0001
9867	0,0001
9868	0,0001
9869	0,0001
9870	0,0001
9871	0,0001
9872	0,0001
9873	0,0001
9874	0,0001
9875	0,0001
9876	0,0001
9877	0,0001
9878	0,0001
9879	0,0001
9880	0,0001
9881	0,0001
9882	0,0001
9883	0,0001
9883	0,0001
9884	0,0001
9885	0,0001
9886	0,0001
9887	0,0001
9887	0,0001
9888	0,0001
9889	0,0001
9890	0,0001
9891	0,0001
9892	0,0001
9893	0,0001
9894	0,0001
9895	0,0001
9896	0,0001
9897	0,0001
9898	0,0001
9899	0,0001
9900	0,0001
9901	0,0001
9902	0,0001
9903	0,0001
9904	0,0001
9904	0,0001
9905	0,0001
9905	0,0001
9906	0,0001
9907	0,0001
9908	0,0001
9909	0,0001
9910	0,0001
9911	0,0001
9912	0,0001
9913	0,0001
9914	0,0001
9916	0,0001
9917	0,0001
9918	0,0001
9919	0,0001
9920	0,0001
9920	0,0001
9921	0,0001
9922	0,0001
9922	0,0001
9923	0,0001
9924	0,0001
9925	0,0001
9925	0,0001
9926	0,0001
9927	0,0001
9928	0,0001
9929	0,0001
9930	0,0001
9930	0,0001
9931	0,0001
9932	0,0001
9933	0,0001
9934	0,0001
9935	0,0001
9935	0,0001
9936	0,0001
9937	0,0001
9938	0,0001
9939	0,0001
9940	0,0001
9941	0,0001
9942	0,0001
9943	0,0001
9944	0,0001
9945	0,0001
9946	0,0001
9946	0,0001
9946	0,0001
9947	0,0001
9947	0,0001
9947	0,0001
9947	0,0001
9947	0,0001
9947	0,0001
9947	0,0001
9947	0,0001
9948	0,0001
9949	0,0001
9949	0,0001
9950	0,0001
9950	0,0001
9950	0,0001
9950	0,0001
9950	0,0001
9951	0,0001
9952	0,0001
9953	0,0001
9954	0,0001
9954	0,0001
9955	0,0001
9956	0,0001
9956	0,0001
9956	0,0001
9956	0,0001
9956	0,0001
9956	0,0001
9956	0,0001
9956	0,0001
9956	0,0001
9956	0,0001
9956	0,0001
9957	0,0001
9957	0,0001
9958	0,0001
9958	0,0001
9959	0,0001
9960	0,0001
9961	0,0001
9962	0,0001
9962	0,0001
9962	0,0001
9963	0,0001
9963	0,0001
9963	0,0001
9964	0,0001
9964	0,0001
9965	0,0001
9966	0,0001
9967	0,0001
9967	0,0001
9968	0,0001
9968	0,0001
9968	0,0001
9968	0,0001
9968	0,0001
9969	0,0001
9970	0,0001
9971	0,0001
9972	0,0001
9972	0,0001
9973	0,0001
9973	0,0001
9973	0,0001
9974	0,0001
9974	0,0001
9975	0,0001
9975	0,0001
9976	0,0001
9976	0,0001
9977	0,0001
9977	0,0001
9977	0,0001
9977	0,0001
9977	0,0001
9977	0,0001
9978	0,0001
9978	0,0001
9978	0,0001
9979	0,0001
9979	0,0001
9980	0,0001
9980	0,0001
9980	0,0001
9980	0,0001
9980	0,0001
9980	0,0001
9980	0,0001
9981	0,0001
9981	0,0001
9982	0,0001
9983	0,0001
9984	0,0001
9985	0,0001
9986	0,0001
9986	0,0001
9986	0,0001
9987	0,0001
9987	0,0001
9987	0,0001
9987	0,0001
9987	0,0001
9987	0,0001
9987	0,0001
9987	0,0001
9987	0,0001
9987	0,0001
9988	0,0001
9988	0,0001
9988	0,0001
9989	0,0001
9989	0,0001
9989	0,0001
9989	0,0001
9990	0,0001
9990	0,0001
9990	0,0001
9990	0,0001
9990	0,0001
9990	0,0001
9990	0,0001
9990	0,0001
9990	0,0001
9990	0,0001
9990	0,0001
9990	0,0001
9990	0,0001
9990	0,0001
9990	0,0001
9990	0,0001
9990	0,0001
9991	0,0001
9991	0,0001
9991	0,0001
9991	0,0001
9991	0,0001
9991	0,0001
9991	0,0001
9991	0,0001
9991	0,0001
9991	0,0001
9991	0,0001
9991	0,0001
9991	0,0001
9992	0,0001
9992	0,0001
9992	0,0001
9992	0,0001
9992	0,0001
9993	0,0001
9993	0,0001
9993	0,0001
9993	0,0001
9994	0,0001
9994	0,0001
9994	0,0001
9994	0,0001
9994	0,0001
9995	0,0001
9995	0,0001
9995	0,0001
9995	0,0001
9995	0,0001
9995	0,0001
9995	0,0001
9995	0,0001
9996	0,0001
9996	0,0001
9996	0,0001
9996	0,0001
9996	0,0001
9996	0,0001
9996	0,0001
9996	0,0001
9996	0,0001
9996	0,0001
9996	0,0001
9996	0,0001
9996	0,0001
9996	0,0001
9996	0,0001
9996	0,0001
9996	0,0001
9996	0,0001
9996	0,0001
9996	0,0001
9996	0,0001
9996	0,0001
9996	0,0001
9996	0,0001
9996	0,0001
9996	0,0001
9996	0,0001
9996	0,0001
9996	0,0001
9996	0,0001
9996	0,0001
9996	0,0001
9996	0,0001
9996	0,0001
9996	0,0001
9997	0,0001
9997	0,0001
9997	0,0001
9997	0,0001
9997	0,0001
9997	0,0001
9997	0,0001
9997	0,0001
9997	0,0001
9997	0,0001
9997	0,0001
9997	0,0001
9997	0,0001
9998	0,0001
9998	0,0001
9998	0,0001
9999	0,0001
9999	0,0001
9999	0,0001
9999	0,0001
9999	0,0001
9999	0,0001
9999	0,0001
9999	0,0001
9999	0,0001
9999	0,0001
9999	0,0001
9999	0,0001
9999	0,0001
9999	0,0001
9999	0,0001
9999	0,0001
9999	0,0001
9999	0,0001
9999	0,0001
9999	0,0001
10000	0,0001
